1024
10000
1 129
1 5
1 72
1 6
1 129
1 657
1 593
1 393
1 69
1 515
1 515
1 3
1 17
1 141
1 133
1 3
1 2
1 23
1 386
1 2
1 4
1 131
1 1
1 549
1 513
1 517
1 1
1 281
1 135
1 133
1 33
1 37
1 6
1 130
1 289
1 148
1 17
1 273
1 769
1 98
1 293
1 161
1 129
1 79
1 518
1 291
1 161
1 1
1 1
1 259
1 65
1 516
1 3
1 1
2 212
2 1
2 578
2 258
2 161
2 34
2 65
2 74
2 322
2 8
2 554
2 112
2 260
2 10
2 38
2 2
2 84
2 322
2 66
2 348
2 513
2 18
2 145
2 34
2 1
2 14
2 286
2 513
2 5
2 130
2 514
2 10
2 146
2 4
2 326
2 10
2 2
2 9
2 132
2 46
2 418
2 260
3 19
3 65
3 264
3 3
3 11
3 3
3 36
3 37
3 35
3 3
3 5
3 67
3 135
3 11
3 515
3 3
3 579
3 811
3 1
3 579
3 7
3 259
3 7
3 65
3 35
3 4
3 516
3 31
3 548
3 25
3 273
3 3
3 275
3 7
3 129
3 3
3 259
3 23
3 80
3 131
4 12
4 522
4 72
4 3
4 4
4 771
4 524
4 6
4 68
4 132
4 364
4 4
4 4
4 68
4 15
4 34
4 3
4 552
4 3
4 644
4 329
4 4
4 36
4 261
4 552
4 17
4 299
5 802
5 532
5 2
5 37
5 5
5 7
5 21
5 528
5 13
5 5
5 85
5 5
5 515
5 325
5 145
5 29
5 559
5 39
5 85
5 455
5 650
5 17
5 5
5 261
5 37
5 933
5 165
5 65
5 14
5 166
5 261
5 517
5 5
5 513
5 33
5 21
5 189
5 853
5 9
5 47
5 371
5 1
6 40
6 143
6 588
6 198
6 4
6 21
6 365
6 50
6 142
6 258
6 70
6 518
6 1
6 5
6 518
6 18
6 37
6 17
6 14
6 70
6 65
6 54
6 12
6 30
6 6
6 13
7 520
7 644
7 3
7 5
7 2
7 72
7 5
7 39
7 3
7 263
7 35
7 215
7 19
7 11
7 135
7 5
7 7
7 773
7 310
7 43
7 519
8 7
8 390
8 292
8 24
8 7
8 168
8 51
8 519
8 520
8 36
8 552
8 8
8 24
8 104
8 6
8 136
9 73
9 173
9 9
9 137
9 25
9 105
9 521
9 1
9 2
9 1
9 26
9 25
9 49
9 841
9 17
9 201
9 1
9 15
9 1
9 27
9 137
9 930
9 1
9 10
9 513
9 410
9 617
9 5
9 9
9 521
9 585
9 521
9 521
9 17
9 587
9 73
9 577
9 10
9 321
9 11
9 9
9 137
10 650
10 26
10 138
10 42
10 905
10 2
10 522
10 26
10 10
10 642
10 9
10 10
10 42
10 361
10 10
10 34
10 10
10 10
10 10
10 74
10 42
10 65
10 266
10 830
10 2
10 10
10 11
10 258
10 130
10 10
11 269
11 11
11 11
11 569
11 475
11 10
11 67
11 257
11 12
11 11
11 11
11 77
11 523
11 175
11 1
11 258
11 11
11 27
11 25
11 75
11 4
11 11
11 65
11 521
11 11
11 971
11 908
11 11
11 12
11 524
11 32
11 35
11 264
12 16
12 16
12 171
12 266
12 518
12 424
12 332
12 363
12 26
12 203
12 44
12 4
12 772
12 12
12 43
12 112
12 74
13 10
13 13
13 525
13 14
13 301
13 29
13 15
13 909
13 13
13 141
13 285
13 29
13 33
13 29
13 13
13 9
13 261
13 65
13 5
13 13
13 45
13 1
13 141
13 73
13 5
14 521
14 973
14 781
14 14
14 261
14 14
14 16
14 589
14 30
14 518
14 134
14 569
14 526
14 262
14 14
15 16
15 399
15 133
15 195
15 15
15 647
15 15
15 3
15 144
15 59
15 140
15 15
15 29
15 8
15 143
15 9
15 23
15 399
15 175
15 13
16 272
16 60
16 42
16 16
16 11
17 345
17 17
17 23
17 513
17 25
17 17
17 258
17 675
17 605
17 17
17 11
17 49
17 561
17 282
17 853
17 17
17 1
17 17
17 281
17 57
17 17
17 82
17 569
17 273
17 146
17 595
17 129
17 145
17 17
17 149
17 305
17 113
17 155
17 1
17 674
17 25
17 1
17 388
18 82
18 182
18 914
18 17
18 273
18 146
18 147
18 36
18 54
18 18
18 2
18 18
18 2
18 49
18 34
18 20
18 2
18 564
18 18
18 2
18 738
18 146
18 18
18 21
18 2
18 221
18 17
18 338
18 22
18 86
18 290
18 81
18 529
19 100
19 88
19 20
19 25
19 407
19 19
19 129
19 63
19 19
19 27
19 25
19 338
19 531
19 19
19 1
19 59
19 25
19 21
19 529
19 27
19 51
19 579
19 276
19 27
19 339
19 3
19 564
19 273
19 275
19 257
19 913
19 7
20 4
20 20
20 594
20 115
20 276
20 83
20 90
20 283
20 19
21 135
21 22
21 30
21 21
21 6
21 2
21 593
21 661
21 7
21 21
21 7
21 145
21 519
21 22
21 85
21 85
21 725
21 405
21 798
21 17
21 113
21 181
21 21
21 1
21 277
21 391
21 27
21 597
22 278
22 313
22 22
22 6
22 520
22 21
22 86
22 150
22 538
22 213
22 529
22 582
22 17
22 54
22 150
22 22
22 566
22 53
22 2
23 275
23 87
23 159
23 3
23 24
23 71
23 21
23 23
23 131
23 535
23 519
23 8
23 7
23 23
23 789
23 311
23 151
23 23
23 3
23 835
24 6
24 151
24 536
24 2
24 88
24 535
24 54
24 232
24 22
24 7
24 24
24 8
24 280
24 88
24 408
24 16
24 408
24 157
24 6
25 9
25 282
25 529
25 377
25 49
25 585
25 351
25 543
25 9
25 17
25 13
25 27
25 58
25 29
25 3
25 9
25 145
25 20
25 25
25 11
25 281
25 22
25 603
25 11
25 19
25 1
26 345
26 17
26 666
26 94
26 54
26 58
26 539
26 58
26 25
26 28
26 138
26 82
26 2
26 602
26 26
26 537
26 250
26 282
26 50
26 26
27 531
27 31
27 155
27 92
27 275
27 19
27 351
27 17
27 41
27 3
27 26
27 153
27 283
28 188
28 28
28 28
28 267
28 28
28 20
28 124
28 28
28 27
28 154
28 28
29 29
29 86
29 69
29 413
29 141
29 557
29 61
29 30
29 533
29 541
29 593
29 51
29 541
29 21
29 29
29 57
30 5
30 14
30 862
30 270
30 814
30 26
30 62
30 32
30 524
30 125
30 560
30 6
30 154
30 24
30 910
30 78
30 96
30 30
30 61
31 542
31 31
31 287
31 280
31 95
31 79
31 55
31 90
31 671
31 11
31 63
32 32
32 45
32 25
32 31
32 90
32 728
32 534
33 34
33 609
33 33
33 277
33 166
33 609
33 129
33 33
33 1
33 33
33 386
33 33
33 49
33 33
33 817
33 53
33 130
33 161
33 33
33 297
33 33
33 265
33 41
33 33
33 3
33 33
33 753
33 50
33 809
33 65
33 106
33 41
33 33
33 292
33 9
33 37
33 225
33 237
33 289
33 105
33 162
33 53
33 57
33 33
33 161
34 866
34 130
34 5
34 294
34 546
34 516
34 545
34 38
34 98
34 33
34 2
34 36
34 42
34 34
34 33
34 163
34 2
34 48
34 49
34 802
34 98
34 545
34 36
34 34
34 2
34 98
34 84
34 170
34 930
35 33
35 3
35 33
35 289
35 33
35 3
35 103
35 675
35 553
35 35
35 35
35 99
35 551
35 290
35 811
35 387
35 515
35 306
35 513
35 55
35 35
35 35
36 4
36 164
36 35
36 26
36 354
36 35
36 36
36 180
36 34
36 36
36 52
36 107
36 4
37 615
37 101
37 109
37 165
37 261
37 293
37 37
37 37
37 37
37 293
37 293
37 47
37 33
37 933
37 37
37 34
37 37
37 33
37 871
37 69
37 517
37 77
37 365
38 525
38 516
38 24
38 46
38 118
38 546
38 552
38 102
38 62
38 598
38 805
38 101
38 686
38 37
38 54
38 38
38 130
38 38
38 162
38 38
38 230
38 262
38 19
38 6
38 594
38 112
38 37
39 36
39 583
39 39
39 685
39 35
39 518
39 56
39 295
39 35
39 629
39 555
39 51
39 36
39 565
39 318
39 119
39 15
39 37
39 933
39 37
39 495
39 23
40 6
40 98
40 102
40 4
40 563
40 420
40 55
40 104
40 230
40 6
40 840
40 687
40 802
41 9
41 117
41 557
41 34
41 171
41 553
41 41
41 939
41 42
41 267
41 107
41 58
41 105
41 9
41 105
41 57
41 57
41 41
41 41
41 35
41 313
41 19
41 33
41 33
41 169
42 553
42 45
42 255
42 34
42 44
42 362
42 545
42 46
42 107
42 162
42 33
42 44
42 303
43 11
43 17
43 169
43 555
43 555
43 11
43 570
43 299
43 11
43 547
43 827
43 681
43 43
43 11
43 299
43 619
43 267
43 43
43 329
44 355
44 2
44 39
44 163
44 76
44 620
44 42
44 163
44 44
44 524
44 108
44 44
44 100
45 269
45 45
45 110
45 45
45 549
45 45
45 125
45 557
45 5
45 73
45 41
45 5
45 41
45 37
45 101
45 365
46 14
46 38
46 46
46 550
46 30
46 558
46 16
46 46
46 16
46 554
46 174
46 46
46 45
46 102
47 61
47 5
47 47
47 14
47 879
47 47
47 47
47 623
47 48
47 50
47 173
47 63
47 47
47 43
47 311
48 39
48 42
48 45
48 55
48 144
48 128
49 53
49 147
49 169
49 49
49 305
49 23
49 181
49 561
49 562
49 17
49 561
49 561
49 21
49 5
49 165
49 561
49 305
49 81
49 305
49 49
49 33
49 549
49 53
49 49
49 17
49 49
49 49
49 49
50 118
50 49
50 146
50 20
50 22
50 2
50 162
50 42
50 34
50 54
50 18
50 34
50 947
50 202
50 546
50 18
50 698
50 150
50 50
50 561
51 369
51 572
51 39
51 247
51 185
51 53
51 51
51 664
51 164
51 819
51 51
51 63
51 59
51 563
51 583
51 19
51 163
51 179
51 35
51 19
51 1003
51 3
51 35
51 625
51 83
52 808
52 172
52 50
52 17
52 311
52 44
52 306
52 35
52 147
52 34
52 468
52 420
52 882
52 19
52 116
53 49
53 53
53 263
53 549
53 115
53 281
53 117
53 445
53 353
53 49
53 27
53 53
53 669
53 573
53 37
53 181
53 149
53 23
54 34
54 118
54 54
54 50
54 24
55 23
55 53
55 583
55 59
55 21
55 381
55 23
55 59
56 884
56 64
56 631
56 128
56 269
56 55
56 146
57 161
57 63
57 49
57 109
57 89
57 89
57 57
57 561
57 370
57 573
57 668
57 249
57 43
57 25
57 939
57 569
57 63
57 49
57 163
57 563
58 242
58 186
58 57
58 54
58 41
58 33
59 25
59 25
59 59
59 155
59 43
59 547
59 699
59 531
59 511
59 59
59 315
60 952
60 315
60 540
60 60
60 572
60 51
60 52
60 316
61 127
61 61
61 191
61 77
61 61
61 61
61 109
61 77
61 317
61 53
61 189
61 159
62 830
62 125
62 157
62 310
62 190
62 50
62 302
62 16
62 58
63 64
63 343
63 127
63 119
63 43
64 64
64 320
64 630
64 60
64 48
64 73
64 316
64 25
64 40
64 46
65 66
65 101
65 65
65 194
65 65
65 594
65 353
65 65
65 194
65 708
65 1
65 324
65 69
65 18
65 323
65 193
65 345
65 65
65 70
65 65
65 329
65 65
65 65
65 73
65 641
65 778
65 65
65 586
65 65
65 65
65 13
65 322
65 577
65 195
65 97
65 66
65 593
65 47
65 97
65 101
65 66
65 66
65 518
65 193
66 4
66 65
66 198
66 66
66 66
66 578
66 85
66 481
66 98
66 580
66 132
66 609
66 65
66 73
66 66
66 13
66 273
66 1
66 66
66 889
66 76
66 86
66 770
66 130
66 770
66 322
66 82
66 457
66 468
66 6
66 66
66 2
66 346
66 81
67 961
67 527
67 321
67 100
67 71
67 83
67 97
67 73
67 475
67 604
67 99
67 531
67 5
67 99
67 260
67 211
67 88
67 195
68 99
68 79
68 66
68 67
68 66
68 68
68 67
68 67
68 195
68 95
68 68
68 70
68 706
68 331
68 2
68 8
68 84
68 596
68 4
68 267
68 68
68 212
68 72
68 595
69 609
69 365
69 69
69 579
69 609
69 3
69 70
69 101
69 521
69 386
69 5
69 69
69 37
69 69
69 198
69 5
69 5
69 205
69 965
69 78
69 205
69 65
69 581
69 599
70 70
70 577
70 542
70 326
70 578
70 66
70 614
70 110
70 6
70 166
70 118
70 453
70 840
70 463
70 342
70 81
70 69
70 65
71 71
71 327
71 583
71 67
71 327
71 71
71 163
71 583
71 13
71 104
71 325
71 211
71 551
71 65
71 839
71 215
71 609
71 199
71 595
72 37
72 72
72 72
72 132
72 244
72 72
72 22
72 69
73 73
73 9
73 265
73 73
73 717
73 33
73 586
73 73
73 489
73 202
73 585
73 73
73 233
73 225
73 329
73 108
73 665
73 65
73 265
73 73
73 1
73 577
73 61
73 1
73 89
73 585
73 233
73 269
73 621
73 346
73 74
73 331
73 9
74 74
74 74
74 124
74 713
74 65
74 80
74 205
74 458
74 18
74 186
74 9
74 90
74 598
74 90
74 28
74 106
74 66
74 66
74 2
74 206
74 636
74 74
74 12
74 282
74 588
75 649
75 587
75 75
75 335
75 585
75 67
75 195
75 515
75 347
75 195
75 595
75 195
75 387
75 588
75 12
75 3
75 43
75 203
76 76
76 75
76 106
76 69
76 43
76 80
76 450
76 588
76 66
76 76
76 74
76 76
76 361
76 332
77 77
77 13
77 73
77 101
77 77
77 353
77 10
77 13
77 85
77 69
77 77
77 15
77 93
77 121
77 89
77 77
78 592
78 12
78 140
78 78
78 78
78 79
79 203
79 7
79 13
79 196
79 80
79 77
79 526
79 77
79 616
79 344
79 79
79 216
80 200
80 16
80 80
80 79
80 208
80 76
81 85
81 81
81 529
81 849
81 65
81 81
81 593
81 81
81 193
81 593
81 515
81 81
81 580
81 347
81 337
81 145
81 99
81 5
81 209
81 81
81 594
81 194
82 19
82 90
82 17
82 210
82 842
82 594
82 722
82 114
82 82
82 86
82 577
82 2
82 82
82 2
82 114
82 18
82 129
83 595
83 123
83 529
83 276
83 339
83 19
83 347
83 81
83 35
83 67
83 84
83 24
83 82
83 83
83 83
84 122
84 83
84 98
84 340
84 83
84 84
84 531
84 88
84 116
84 92
84 100
85 23
85 85
85 117
85 5
85 383
85 277
85 98
85 93
85 17
85 5
85 101
85 69
85 193
85 57
85 65
85 337
85 85
85 598
86 278
86 352
86 94
86 150
86 86
86 20
86 322
86 61
87 28
87 342
87 56
87 23
87 216
87 214
87 82
87 85
88 84
88 20
88 584
88 408
88 216
88 627
88 118
88 101
89 605
89 217
89 649
89 349
89 844
89 345
89 337
89 217
89 218
89 81
89 601
89 85
89 265
89 81
89 217
89 90
89 601
89 105
89 745
90 75
90 83
90 210
90 250
90 590
90 92
90 841
90 89
90 46
90 514
90 94
90 73
90 82
90 202
91 224
91 148
91 66
91 123
91 28
91 95
92 665
92 127
92 111
92 635
92 28
92 331
92 105
92 126
93 128
93 95
93 13
93 93
93 537
93 222
93 29
93 92
93 145
93 338
93 373
93 617
93 87
93 341
93 541
93 335
93 209
93 93
94 78
94 78
94 341
94 219
94 246
95 672
95 120
95 543
95 95
95 605
95 95
95 87
95 15
95 284
95 71
96 344
96 456
96 639
96 219
96 472
97 113
97 65
97 875
97 482
97 97
97 194
97 193
97 97
97 227
97 97
97 100
97 630
97 33
97 33
97 609
97 745
97 225
97 65
97 2
97 37
97 99
97 115
97 547
97 97
97 546
97 369
97 98
97 419
97 119
97 33
97 97
97 105
98 450
98 98
98 177
98 116
98 577
98 177
98 546
98 100
98 885
98 195
98 610
98 114
98 114
98 490
98 113
98 201
98 198
98 218
98 106
99 363
99 3
99 354
99 67
99 355
99 529
99 97
99 35
99 103
99 97
99 107
99 11
99 36
99 51
99 123
99 227
99 116
99 303
99 39
99 579
99 195
99 101
99 35
99 100
100 372
100 3
100 722
100 48
100 569
100 354
100 104
101 6
101 101
101 117
101 101
101 97
101 98
101 33
101 549
101 93
101 13
101 97
101 801
101 53
101 261
101 101
101 613
101 229
101 805
101 229
101 102
101 545
102 374
102 37
102 358
102 210
102 80
102 614
102 70
102 102
102 358
103 104
103 99
103 611
103 136
103 519
103 103
104 35
104 452
104 118
104 116
104 3
105 37
105 97
105 161
105 77
105 361
105 361
105 33
105 9
105 740
105 65
105 249
105 109
105 363
105 73
105 237
105 105
106 233
106 74
106 474
106 197
106 618
106 579
106 10
106 100
106 633
106 185
106 142
107 363
107 124
107 99
107 811
107 67
107 105
107 290
107 304
108 45
108 114
108 76
108 36
108 36
108 40
109 610
109 109
109 101
109 837
109 39
109 637
109 109
109 77
109 109
109 37
110 560
110 334
110 110
110 78
110 110
110 112
110 108
110 365
110 368
110 98
110 110
110 622
110 102
111 559
111 293
111 41
111 101
111 229
112 47
112 44
112 88
112 239
112 240
112 359
113 82
113 50
113 631
113 113
113 58
113 117
113 49
113 609
113 609
113 49
113 121
113 117
113 49
113 122
113 113
113 225
113 243
113 113
114 34
114 114
114 242
114 178
114 50
114 116
114 114
114 244
114 126
115 595
115 51
115 756
115 83
115 35
115 115
115 27
115 3
115 371
115 115
115 123
115 343
115 112
115 127
115 51
115 97
116 81
116 124
116 98
116 627
116 92
116 52
116 124
117 117
117 357
117 370
117 645
117 605
117 337
117 33
117 609
117 89
117 117
118 114
118 113
118 245
118 726
118 56
119 469
119 887
119 247
119 39
119 119
119 38
119 117
119 243
119 615
119 118
119 37
119 63
120 119
120 120
120 105
120 616
120 114
120 54
120 116
121 121
121 235
121 377
121 345
121 90
121 57
121 89
121 129
121 332
121 117
121 89
121 121
121 377
121 122
121 105
121 377
121 345
121 569
121 633
122 633
122 113
122 90
122 122
122 154
122 378
122 121
122 346
123 637
123 739
123 89
123 75
123 123
123 105
124 123
124 492
124 256
124 640
125 94
125 118
125 381
125 61
125 621
125 111
125 585
125 94
126 120
126 630
126 92
126 74
126 110
127 431
127 121
127 605
127 479
127 119
127 108
127 91
128 120
128 214
128 128
128 255
129 131
129 9
129 145
129 641
129 161
129 199
129 225
129 134
129 283
129 129
129 149
129 193
129 44
129 143
129 129
129 449
129 641
129 182
129 129
129 138
129 646
129 1
129 165
129 147
129 65
129 665
129 65
129 902
129 193
129 225
129 132
129 130
129 193
129 649
129 163
129 897
129 9
129 129
129 516
129 657
129 5
130 178
130 130
130 2
130 34
130 1
130 133
130 130
130 170
130 145
130 152
130 162
130 194
130 194
130 129
130 2
130 226
130 134
130 146
130 130
130 138
130 132
131 135
131 211
131 131
131 659
131 131
131 387
131 435
131 203
131 131
131 131
131 131
131 135
131 72
131 147
131 2
131 651
131 71
131 99
131 227
131 663
131 659
131 131
131 131
131 133
131 129
131 129
131 33
131 195
131 135
131 642
131 385
131 139
132 132
132 1
132 12
132 148
132 228
132 129
132 652
132 2
132 500
132 4
132 388
132 132
132 296
132 164
132 402
132 195
132 196
132 167
133 135
133 5
133 213
133 5
133 65
133 897
133 6
133 1
133 389
133 167
133 253
133 517
133 401
133 198
133 563
133 136
133 133
133 385
133 5
133 1
133 5
133 389
133 391
133 709
133 133
133 517
133 133
133 2
133 225
133 741
134 157
134 133
134 158
134 14
134 677
134 645
134 134
134 648
134 406
134 202
134 402
134 130
134 34
134 98
134 614
134 151
134 2
134 129
134 13
134 519
134 654
134 200
134 390
134 646
135 391
135 209
135 599
135 3
135 151
135 163
135 136
135 5
135 7
135 200
135 107
135 581
135 647
135 728
135 79
135 151
135 263
135 7
136 48
136 160
136 898
136 456
136 644
136 135
136 392
136 416
136 208
136 744
137 169
137 262
137 201
137 130
137 282
137 385
137 746
137 143
137 137
137 397
137 491
137 524
137 269
137 205
137 137
137 665
137 329
137 403
137 641
137 265
137 110
137 325
137 141
137 170
137 393
137 137
137 144
137 137
137 3
137 386
137 129
137 257
138 906
138 158
138 131
138 242
138 137
138 898
138 482
138 170
138 170
138 137
138 138
138 50
138 138
138 393
138 142
138 538
139 203
139 643
139 139
139 139
139 16
139 43
139 411
139 3
139 163
139 144
139 139
139 139
139 671
139 139
139 12
139 451
139 908
139 92
139 129
139 11
139 12
139 103
140 650
140 514
140 163
140 7
140 2
140 214
140 396
140 272
140 161
140 652
141 233
141 274
141 399
141 142
141 142
141 139
141 6
141 217
141 141
141 653
141 205
141 165
141 393
141 6
141 414
141 393
142 181
142 14
142 194
142 138
142 142
142 142
142 938
142 142
142 206
142 134
143 392
143 175
143 159
143 64
143 82
143 197
143 143
143 86
143 203
143 143
143 223
143 15
144 141
144 494
144 160
144 3
144 144
144 37
144 672
144 143
144 40
144 579
145 19
145 5
145 209
145 17
145 1
145 189
145 689
145 18
145 149
145 145
145 49
145 49
145 17
145 2
145 149
145 161
145 21
145 17
145 145
145 145
145 657
145 65
145 149
145 147
145 669
145 177
145 417
145 17
145 721
145 721
145 197
145 405
146 2
146 28
146 130
146 130
146 314
146 18
146 146
146 130
146 218
146 156
146 178
146 178
146 70
146 1
146 81
147 19
147 145
147 17
147 157
147 403
147 531
147 148
147 17
147 17
147 219
147 95
147 641
147 211
147 187
147 721
147 411
147 195
147 403
147 3
147 177
148 164
148 538
148 562
148 148
148 180
148 148
148 388
148 148
148 156
148 724
148 151
148 148
148 150
148 188
148 148
149 214
149 145
149 150
149 143
149 216
149 157
149 205
149 133
150 134
150 197
150 434
150 182
150 152
150 646
150 2
150 214
150 134
150 150
150 189
151 17
151 17
151 67
151 515
151 663
151 39
151 35
151 709
151 413
151 179
151 787
151 213
152 723
152 280
152 448
152 544
152 20
152 215
152 151
152 72
153 697
153 155
153 154
153 521
153 153
153 149
153 157
153 155
153 219
153 9
153 217
153 249
153 145
153 221
153 409
153 729
154 156
154 409
154 158
154 210
154 274
154 154
154 18
154 274
155 288
155 697
155 195
155 43
155 60
155 667
155 155
155 219
155 17
155 139
155 441
156 656
156 540
156 188
156 138
156 152
156 74
156 668
156 131
156 140
156 154
157 7
157 13
157 698
157 31
157 177
157 277
157 189
157 218
157 25
158 86
158 413
158 736
158 62
158 666
158 158
158 158
158 218
158 152
158 606
158 30
159 203
159 31
159 160
159 32
159 159
159 29
160 155
160 462
160 404
160 72
161 481
161 417
161 161
161 161
161 145
161 43
161 161
161 177
161 673
161 179
161 129
161 161
161 689
161 163
161 37
161 161
161 171
161 1
161 419
161 177
161 162
162 306
162 52
162 161
162 162
162 132
162 170
162 130
162 658
162 146
162 146
162 675
162 674
162 258
162 418
162 546
162 162
162 50
162 418
162 802
162 674
163 140
163 129
163 579
163 33
163 172
163 388
163 169
163 163
163 164
163 739
163 190
163 33
163 291
163 699
163 163
163 161
163 227
163 131
164 131
164 230
164 690
164 696
164 165
164 167
164 246
164 36
164 428
164 132
165 677
165 33
165 133
165 193
165 133
165 129
165 37
165 681
165 677
165 167
165 181
165 321
165 37
165 129
165 177
165 189
165 173
165 677
165 175
165 133
165 22
166 230
166 226
166 678
166 164
166 226
167 165
167 424
167 822
167 71
167 692
167 167
167 183
167 165
167 743
168 136
168 648
168 132
168 40
168 936
168 230
168 688
168 168
168 167
168 548
169 938
169 169
169 46
169 161
169 393
169 169
169 163
169 289
169 41
169 45
169 176
169 186
169 169
169 33
169 649
169 233
169 137
169 644
169 231
169 681
169 137
169 649
169 597
169 291
169 681
169 433
169 189
169 161
169 233
169 43
169 297
169 425
170 142
170 163
170 42
170 170
170 665
170 554
170 171
170 234
170 674
170 170
170 681
170 42
170 412
170 41
170 142
170 170
171 143
171 161
171 491
171 171
171 171
171 139
171 193
171 29
171 425
172 419
172 442
172 228
172 314
172 506
172 140
172 124
172 272
172 140
172 48
172 154
173 38
173 555
173 139
173 485
173 169
173 417
174 138
174 173
174 182
174 173
174 144
174 174
174 22
174 685
174 46
174 176
174 226
174 189
174 430
175 135
175 419
175 897
175 431
175 133
175 167
175 32
175 39
176 144
176 420
176 14
176 16
176 464
176 188
176 237
176 176
176 168
177 177
177 177
177 177
177 180
177 149
177 209
177 699
177 437
177 179
177 129
177 209
177 177
177 433
177 177
177 253
177 165
177 447
177 433
177 33
178 626
178 246
178 170
178 435
178 178
178 701
178 177
178 689
178 561
178 701
178 610
178 50
178 61
178 18
178 674
178 564
179 183
179 671
179 179
179 51
179 139
179 147
179 59
179 244
179 101
179 139
179 179
179 57
179 691
179 191
179 183
179 435
179 163
179 687
180 180
180 177
180 162
180 160
180 164
180 180
180 244
180 564
180 388
180 434
180 499
181 159
181 661
181 39
181 149
181 243
181 229
181 49
181 693
181 182
181 133
181 181
181 229
182 130
182 182
182 184
182 181
182 696
183 183
183 424
183 173
183 151
183 167
183 677
184 407
184 56
184 182
184 212
184 180
184 135
185 441
185 249
185 249
185 164
185 145
185 185
185 509
185 185
185 428
185 185
185 418
185 153
185 313
185 537
186 442
186 185
186 178
186 924
186 233
186 682
186 506
186 233
186 158
186 154
187 57
187 192
187 189
187 187
187 139
187 163
187 153
187 171
187 171
187 395
188 60
188 698
188 448
188 188
188 62
188 60
188 443
188 140
188 188
189 753
189 157
189 241
189 221
189 189
190 734
190 190
190 192
190 251
190 430
190 184
190 56
191 155
191 429
191 759
192 900
192 159
192 448
192 221
192 188
192 254
193 450
193 65
193 489
193 193
193 133
193 193
193 137
193 193
193 194
193 707
193 482
193 201
193 705
193 225
193 941
193 130
193 466
193 214
193 133
193 209
193 449
193 221
193 326
193 97
193 705
193 601
193 641
193 129
193 193
193 321
193 193
193 453
194 70
194 130
194 74
194 458
194 66
194 204
194 354
194 642
194 98
194 196
194 322
194 717
194 130
194 129
194 194
194 196
194 194
194 210
194 196
194 386
194 586
195 197
195 193
195 35
195 163
195 215
195 194
195 195
195 707
195 355
195 193
195 715
195 755
195 275
195 201
196 451
196 84
196 150
196 68
196 196
196 451
196 196
196 68
196 200
196 228
196 407
196 196
197 385
197 199
197 197
197 197
197 727
197 199
197 229
197 349
197 206
197 205
197 197
197 215
197 69
197 71
198 234
198 742
198 198
198 472
198 454
198 200
198 582
198 102
198 198
198 213
199 8
199 7
199 199
199 239
199 583
199 449
199 231
199 227
199 198
200 715
200 646
200 452
200 708
200 204
200 69
200 200
200 198
201 73
201 139
201 193
201 142
201 233
201 203
201 137
201 73
201 715
201 205
201 10
201 75
201 589
201 717
201 393
201 207
201 705
201 129
201 201
201 642
201 153
201 193
202 489
202 90
202 716
202 402
202 141
202 138
202 134
202 204
202 586
202 66
202 74
202 238
202 65
202 508
203 457
203 731
203 76
203 237
203 679
203 203
203 11
203 115
203 78
203 219
203 204
203 203
203 123
203 553
203 459
204 980
204 132
204 298
204 206
204 492
204 204
204 460
204 205
204 707
204 98
204 140
205 199
205 207
205 141
205 79
205 197
205 200
205 217
205 271
205 342
205 77
205 238
205 205
205 205
205 797
205 222
206 206
206 77
206 202
206 970
206 526
206 464
206 222
206 235
206 201
207 207
207 717
207 217
207 70
207 87
208 200
209 68
209 214
209 201
209 145
209 723
209 193
209 113
209 209
209 753
209 115
209 225
209 729
209 214
210 210
210 210
210 722
210 214
210 138
210 466
210 658
210 344
210 209
210 729
210 146
210 725
210 214
210 465
211 475
211 203
211 723
211 193
211 19
211 151
211 211
211 196
211 213
211 211
211 211
211 412
212 707
212 223
212 290
212 691
212 244
212 146
212 91
213 389
213 465
213 214
213 211
213 213
213 83
213 214
214 245
214 148
214 214
214 86
214 214
214 134
214 90
215 95
215 134
215 147
215 127
216 152
216 88
216 600
216 152
216 342
216 222
216 198
217 217
217 29
217 217
217 159
217 345
217 249
217 145
217 57
217 204
217 659
218 724
218 26
218 989
218 90
218 220
218 969
219 195
219 219
219 731
219 475
219 218
220 220
220 732
220 152
221 701
221 205
221 251
221 413
221 157
221 477
222 174
222 251
223 91
223 223
223 205
223 89
223 203
223 723
224 736
224 688
224 158
224 160
224 725
225 103
225 227
225 237
225 66
225 226
225 450
225 166
225 193
225 481
225 18
225 97
225 210
225 33
225 121
225 977
225 225
225 194
225 225
225 354
226 194
226 323
226 122
226 161
226 234
226 100
226 458
226 709
226 174
226 226
226 66
226 745
226 330
226 226
226 200
227 99
227 227
227 355
227 163
227 483
227 339
228 202
228 98
228 226
228 386
228 483
228 228
228 184
229 677
229 81
229 54
229 231
229 109
229 149
229 677
229 237
230 101
230 165
230 230
230 262
230 454
230 70
230 238
230 102
231 360
231 231
231 69
231 961
231 56
231 71
231 232
231 104
231 137
231 175
232 223
232 227
232 760
233 457
233 109
233 229
233 58
233 489
233 205
233 169
233 233
233 244
233 713
233 169
233 673
233 171
233 235
233 41
233 125
234 234
234 235
234 138
234 306
235 233
235 233
235 79
235 363
235 235
235 235
235 361
235 427
235 169
235 141
235 191
235 49
235 739
235 203
235 236
235 193
236 360
236 236
236 100
236 452
236 236
237 173
237 107
237 559
237 233
237 109
238 137
238 238
238 622
238 170
239 751
239 248
239 464
239 999
240 750
240 176
240 237
240 231
240 238
241 178
241 209
241 331
241 241
241 211
241 353
241 193
241 701
241 177
241 417
241 625
241 498
241 465
242 474
242 209
242 506
242 242
242 244
242 694
242 242
243 248
243 247
243 411
243 499
243 243
243 441
243 113
243 211
243 148
243 755
243 99
244 244
244 236
244 178
244 308
244 196
244 498
244 630
245 228
245 119
245 758
245 365
245 512
245 54
245 565
246 406
246 244
246 214
246 497
247 215
248 246
249 249
249 249
249 112
249 497
249 249
250 404
250 494
250 250
250 242
250 234
251 103
252 244
252 252
253 221
253 89
254 242
254 178
254 241
254 250
254 160
254 162
255 127
255 253
255 239
255 251
255 119
256 116
256 122
256 174
256 285
257 293
257 785
257 897
257 289
257 385
257 769
257 514
257 14
257 257
257 289
257 258
257 805
257 801
257 641
257 265
257 453
257 338
257 289
257 261
257 265
257 385
257 385
257 513
257 961
257 257
257 771
257 299
257 321
257 3
257 261
257 257
257 289
257 1
257 769
257 5
257 261
258 258
258 834
258 66
258 258
258 306
258 290
258 770
258 786
258 134
258 7
258 322
258 9
258 642
258 270
258 860
258 129
258 2
258 261
258 260
258 390
258 770
259 387
259 771
259 259
259 291
259 387
259 273
259 299
259 787
259 259
259 387
259 483
259 395
259 43
259 403
259 771
259 258
259 27
259 258
259 365
259 276
259 785
259 260
259 340
259 257
259 775
259 299
259 148
259 339
259 259
259 277
260 292
260 259
260 302
260 312
260 300
260 324
260 265
260 257
260 258
260 322
260 3
260 44
260 132
261 261
261 277
261 325
261 1
261 109
261 291
261 773
261 269
261 417
261 368
261 769
261 257
261 317
261 262
261 281
261 813
262 261
262 334
262 325
262 933
262 264
262 383
262 262
262 334
262 272
262 262
262 261
262 334
262 526
262 280
262 389
262 420
262 262
262 258
262 262
262 70
262 390
262 270
262 270
262 391
262 293
262 262
262 262
262 2
263 257
263 263
263 261
263 455
263 263
263 616
263 3
263 295
263 263
263 788
263 302
263 23
263 775
263 69
263 327
263 391
263 135
263 781
264 534
264 272
264 8
264 184
264 38
264 274
264 2
264 65
264 260
265 261
265 771
265 265
265 48
265 259
265 281
265 899
265 401
265 11
265 331
265 282
265 386
265 385
265 393
265 267
265 306
265 257
265 266
265 491
265 275
265 265
265 409
265 393
265 9
266 265
266 42
266 10
266 449
266 266
266 10
266 322
266 330
266 266
266 322
266 778
266 260
266 290
266 272
266 298
266 266
266 683
266 266
266 298
266 14
266 298
267 9
267 132
267 203
267 300
267 267
267 603
267 12
267 137
267 324
267 395
267 263
267 31
267 266
267 67
267 275
267 795
267 419
268 207
268 396
268 10
268 783
268 283
268 122
268 107
268 271
268 908
268 268
269 805
269 29
269 261
269 304
269 390
269 304
269 301
269 771
269 269
269 267
269 77
269 777
269 141
269 777
269 271
269 333
269 333
269 269
269 349
269 281
269 42
269 334
269 521
269 31
269 269
270 6
270 302
270 262
270 940
270 373
270 777
270 814
270 911
270 462
270 776
270 270
270 270
270 934
271 267
271 583
271 303
271 911
271 15
271 271
271 15
271 821
271 257
271 414
271 15
272 496
272 78
272 392
272 270
272 336
272 783
272 269
273 337
273 273
273 689
273 403
273 314
273 273
273 33
273 279
273 337
273 849
273 179
273 259
273 785
273 273
273 529
273 517
273 261
273 385
273 401
273 306
273 17
274 786
274 273
274 276
274 834
274 145
274 258
274 274
274 265
274 274
274 258
274 282
274 86
274 260
274 534
274 274
274 18
274 849
274 34
274 258
275 523
275 305
275 405
275 305
275 1
275 307
275 275
275 411
275 279
275 35
275 258
275 308
275 257
276 24
276 259
276 274
276 275
276 282
276 276
276 276
276 786
276 308
276 260
276 276
276 284
276 788
276 338
276 338
276 274
276 516
277 790
277 390
277 357
277 85
277 149
277 261
277 37
277 390
277 789
277 273
277 533
277 258
277 277
277 54
278 278
278 18
278 278
278 278
278 261
278 150
278 472
278 306
278 264
278 86
278 885
278 278
279 263
279 351
279 771
279 405
279 8
279 32
279 341
280 278
280 536
280 355
280 24
280 262
280 277
280 8
281 281
281 793
281 342
281 385
281 393
281 276
281 281
281 287
281 857
281 26
281 779
281 305
281 57
281 281
281 21
281 25
281 265
281 259
281 410
281 25
281 285
282 18
282 21
282 10
282 798
282 26
282 858
282 267
282 530
282 25
282 282
282 348
283 28
283 273
283 259
283 267
283 531
283 25
283 283
283 921
283 283
283 271
283 285
283 394
283 267
283 275
284 313
284 380
284 288
284 796
284 281
284 268
284 284
284 779
284 932
284 284
285 93
285 273
285 783
285 319
285 9
285 541
285 285
285 85
286 22
286 149
286 892
286 14
286 2
286 18
286 286
286 25
286 922
286 918
286 122
287 288
287 9
287 275
287 29
287 272
287 263
287 315
287 405
287 64
288 288
288 336
288 280
288 336
288 24
288 32
289 417
289 289
289 365
289 13
289 33
289 98
289 257
289 257
289 257
289 801
289 11
289 310
289 355
289 257
289 35
289 358
289 289
289 546
289 97
289 803
289 291
289 289
289 545
289 420
289 297
289 802
289 33
289 49
289 649
289 421
289 326
289 561
289 1
289 273
290 290
290 929
290 298
290 18
290 275
290 260
290 257
290 418
290 362
290 377
290 34
290 386
290 291
290 290
290 282
290 36
290 2
290 289
290 290
290 1
290 257
290 770
290 98
291 296
291 419
291 299
291 291
291 292
291 307
291 297
291 36
291 307
291 43
291 403
291 11
291 451
291 483
291 3
291 1
291 579
292 418
292 300
292 290
292 260
292 880
292 420
292 308
292 636
292 296
292 36
292 360
292 115
292 292
292 292
293 293
293 309
293 353
293 517
293 257
293 833
293 353
293 293
293 37
293 769
293 33
293 293
293 312
294 293
294 997
294 262
294 294
294 822
294 261
294 386
294 549
294 294
294 782
294 262
294 936
294 37
294 264
294 294
295 111
295 296
295 295
295 37
295 259
295 7
295 815
295 289
295 295
295 359
295 391
295 295
296 296
296 803
296 259
296 296
296 304
296 39
296 822
296 302
296 365
296 487
296 40
296 261
297 36
297 261
297 47
297 361
297 297
297 297
297 297
297 937
297 290
297 301
297 931
297 48
297 41
297 321
297 41
297 403
297 282
297 41
297 801
297 293
297 442
297 393
297 809
298 553
298 41
298 370
298 334
298 430
298 298
298 332
298 554
298 266
298 298
298 353
298 554
298 417
298 817
299 35
299 297
299 43
299 283
299 298
299 393
299 299
299 187
299 265
299 323
299 316
299 345
299 299
299 3
299 299
299 107
300 780
300 130
300 266
300 43
300 380
300 315
300 308
301 26
301 973
301 301
301 365
301 301
301 317
301 3
301 301
301 285
301 55
301 845
301 301
301 365
301 269
301 801
301 877
302 944
302 112
302 814
302 430
302 270
302 13
302 302
303 367
303 301
303 419
303 273
303 299
303 299
303 299
303 171
303 752
303 814
304 60
304 364
304 312
304 687
305 825
305 305
305 977
305 49
305 297
305 417
305 393
305 405
305 305
305 369
305 803
305 435
305 433
305 293
305 369
305 273
305 417
305 353
305 305
305 305
306 306
306 313
306 273
306 274
306 821
306 50
306 294
307 279
307 315
307 309
307 273
307 275
307 51
307 275
307 531
307 311
307 625
307 307
307 291
307 563
307 35
307 355
307 273
308 289
308 372
308 299
308 307
308 116
308 276
309 281
309 821
309 309
309 405
309 310
309 369
309 261
309 21
309 37
309 38
309 819
309 817
309 54
309 49
309 951
309 277
309 357
309 7
310 801
310 309
310 109
310 294
310 278
310 310
310 17
311 312
311 439
312 806
312 292
312 305
312 312
312 312
312 63
312 482
312 128
312 312
313 301
313 374
313 9
313 297
313 313
313 433
313 25
313 489
313 49
313 313
314 314
314 826
314 58
314 319
314 538
314 282
315 292
315 53
315 401
315 315
315 180
315 359
315 381
315 827
316 299
316 316
316 308
316 819
316 315
316 282
317 317
317 437
317 295
317 797
317 949
317 825
317 413
317 45
318 566
318 110
318 320
318 313
318 822
318 342
318 341
318 298
318 349
318 430
319 223
319 470
319 285
319 831
319 879
320 428
320 311
320 320
321 467
321 325
321 769
321 264
321 65
321 5
321 841
321 227
321 369
321 357
321 194
321 194
321 587
321 449
321 473
321 257
321 359
321 321
321 259
321 355
321 321
321 321
321 289
321 578
322 323
322 66
322 322
322 410
322 834
322 265
322 322
322 467
322 369
322 97
322 282
322 450
322 258
322 66
322 258
323 33
323 611
323 259
323 835
323 67
323 85
323 196
323 323
323 467
323 387
323 43
323 71
323 195
323 387
323 307
323 459
324 3
324 328
324 324
324 82
324 294
324 220
324 392
324 321
324 324
324 604
324 344
324 323
325 837
325 335
325 845
325 423
325 71
325 585
325 343
325 326
325 21
325 449
325 85
325 337
326 80
326 354
326 258
326 266
326 326
326 104
326 774
326 271
326 326
326 456
327 327
327 327
327 383
327 77
327 199
327 257
327 261
327 103
327 259
327 87
327 392
328 328
328 327
328 456
328 6
329 321
329 353
329 457
329 329
329 97
329 321
329 489
329 75
329 73
329 353
329 329
329 345
329 377
329 841
329 154
329 73
329 475
329 329
329 329
330 266
330 322
330 330
330 42
330 585
330 74
330 75
330 826
331 267
331 11
331 339
331 91
331 811
331 283
331 3
331 303
331 874
331 355
331 259
331 839
331 75
331 331
331 347
331 579
331 267
331 271
332 74
332 47
332 203
332 324
332 329
332 330
332 336
332 162
332 266
333 878
333 321
333 73
333 361
333 3
333 518
333 333
333 269
333 333
333 461
334 326
334 336
334 333
334 330
334 830
334 78
334 334
335 330
335 479
335 464
335 439
335 327
335 349
335 89
335 71
335 848
335 269
335 268
335 365
335 333
336 464
336 824
336 848
337 273
337 321
337 195
337 341
337 337
337 833
337 345
337 66
337 370
337 434
337 337
337 347
337 850
337 481
337 275
337 345
337 473
338 259
338 274
338 221
338 56
338 326
338 82
338 322
338 406
338 594
338 81
338 498
338 350
338 274
338 850
338 350
339 339
339 339
339 339
339 67
339 1
339 323
339 275
340 352
340 84
340 20
340 274
340 259
340 348
340 466
340 338
340 339
340 338
341 286
341 341
341 317
341 833
341 854
341 853
341 789
341 118
341 325
341 341
341 369
341 277
342 342
342 296
342 786
342 337
342 342
343 327
343 72
343 1013
343 344
343 103
344 323
344 68
344 342
344 376
344 856
344 356
344 584
345 348
345 449
345 845
345 313
345 874
345 337
345 506
345 921
346 370
346 890
346 282
346 853
346 346
346 962
346 473
346 349
346 330
346 345
347 412
347 985
347 91
347 313
347 263
347 859
347 331
348 330
348 332
348 75
348 100
348 76
348 588
348 859
348 274
348 75
348 92
349 349
349 350
349 349
349 286
349 288
349 381
349 477
349 349
350 125
350 346
350 350
350 45
350 342
350 895
350 342
351 23
351 352
351 23
351 352
351 963
351 125
352 345
352 322
352 608
353 871
353 290
353 485
353 865
353 301
353 97
353 355
353 357
353 353
353 333
353 257
353 357
353 353
354 497
354 354
354 364
354 814
354 808
354 873
354 994
354 483
354 290
354 273
354 754
354 366
354 100
354 482
354 300
355 296
355 67
355 849
355 125
355 555
355 323
355 881
355 881
355 307
355 355
355 99
355 359
355 355
356 68
356 98
356 450
356 356
356 548
356 355
356 356
357 69
357 357
357 365
357 614
357 837
357 8
357 97
357 54
357 354
357 353
357 37
357 373
357 615
358 370
358 104
358 102
358 322
358 264
358 870
358 354
358 866
358 370
358 6
358 262
358 6
358 289
358 302
358 38
358 357
359 360
359 839
359 359
359 869
359 327
359 50
359 246
359 295
359 359
359 293
359 323
360 612
360 354
360 359
361 13
361 105
361 363
361 354
361 873
361 361
361 865
362 370
362 42
362 890
362 98
362 940
362 458
362 419
363 362
363 872
363 809
363 586
363 361
363 291
363 72
364 848
364 97
364 324
364 364
364 484
364 73
364 74
364 372
365 485
365 815
365 91
365 361
365 231
365 98
365 289
365 841
365 269
365 845
366 378
366 126
366 269
366 226
366 329
366 11
366 214
366 368
367 431
367 79
367 815
367 288
367 335
368 364
369 17
369 338
369 126
369 377
369 869
369 241
369 83
369 17
369 113
369 881
369 307
369 849
369 338
370 370
370 420
370 354
370 489
370 375
370 370
370 74
371 627
371 371
371 83
371 376
371 371
371 291
371 377
372 312
372 499
372 369
372 818
373 893
373 309
373 441
373 865
374 117
374 358
374 757
374 376
374 182
374 382
374 114
375 1011
375 839
375 853
375 247
375 23
376 888
376 248
377 313
377 473
377 881
377 873
377 323
377 509
377 377
378 122
378 305
378 298
378 377
378 378
378 370
379 893
379 383
379 235
379 627
379 885
379 380
379 382
379 115
380 372
380 122
380 890
381 381
381 473
382 446
382 988
383 381
383 375
383 288
383 497
383 367
384 368
384 896
384 448
385 385
385 899
385 257
385 5
385 257
385 385
385 161
385 129
385 961
385 449
385 449
385 385
385 345
385 387
385 418
385 129
385 657
385 1
385 451
385 386
386 965
386 260
386 129
386 257
386 324
386 897
386 406
386 181
386 705
386 130
386 388
386 370
386 899
386 898
386 273
386 390
386 430
387 139
387 657
387 451
387 195
387 452
387 388
387 385
387 292
387 131
387 385
387 289
388 420
388 392
388 386
388 262
388 387
388 403
388 420
388 220
388 660
389 901
389 745
389 269
389 449
389 773
389 165
389 261
389 390
389 85
389 427
389 273
389 301
389 458
389 899
389 390
389 645
389 418
389 5
390 421
390 390
390 294
390 278
390 198
390 130
390 2
390 389
390 150
390 390
390 418
391 903
391 391
391 912
391 15
391 391
391 776
391 387
392 296
392 386
392 148
392 392
392 24
392 660
392 423
392 455
392 204
392 199
392 468
393 217
393 281
393 393
393 57
393 395
393 457
393 394
393 457
393 905
393 474
393 651
393 393
393 777
394 401
394 204
394 385
394 138
394 425
394 841
394 394
394 388
394 397
394 642
394 386
394 138
395 268
395 458
395 27
395 805
395 971
395 395
395 899
395 411
395 649
395 163
395 396
395 643
395 363
395 137
395 395
396 907
396 411
396 400
396 940
396 908
396 155
396 483
396 412
396 651
396 140
397 343
397 389
397 334
397 453
397 397
397 391
397 973
397 397
397 397
397 461
397 389
397 153
398 1006
398 900
398 146
398 910
398 397
398 398
399 137
399 399
399 463
399 143
399 399
399 423
399 480
399 399
400 367
400 272
400 12
400 736
400 392
400 398
400 919
401 274
401 401
401 433
401 982
401 817
401 657
401 498
401 471
401 209
401 785
401 913
401 401
401 691
401 273
401 433
401 401
401 18
401 405
401 273
401 409
401 401
401 913
401 147
401 561
401 401
401 403
401 449
401 195
402 20
402 413
402 394
402 434
402 150
402 402
402 913
402 410
403 387
403 433
403 845
403 465
403 19
403 435
403 771
403 68
403 273
404 404
404 404
404 466
404 452
404 5
404 388
404 243
405 949
405 477
405 405
405 467
405 149
405 406
405 277
405 949
405 321
405 406
405 903
405 342
405 405
405 900
405 769
405 277
405 277
406 197
406 29
406 258
406 473
406 406
406 390
406 504
407 21
407 133
407 263
407 645
407 433
407 407
407 405
407 421
408 305
408 414
408 72
408 401
408 390
408 408
408 788
408 934
408 160
409 953
409 909
409 333
409 923
409 409
409 409
409 411
409 921
409 409
409 681
409 406
409 265
409 153
409 273
409 25
410 730
410 156
410 410
410 386
410 409
410 403
410 394
410 142
410 412
410 267
410 473
411 424
411 475
411 148
411 137
411 411
411 313
411 283
411 403
411 411
411 474
411 185
411 267
412 960
412 407
412 410
412 337
412 148
412 412
412 400
413 477
413 405
413 433
413 149
413 21
413 789
413 349
413 386
413 157
414 278
414 136
414 319
414 399
414 149
415 907
415 413
415 407
415 477
415 191
415 399
415 411
415 332
416 416
416 468
416 928
416 456
417 161
417 417
417 295
417 387
417 805
417 449
417 289
417 167
417 417
417 386
417 939
417 421
417 417
417 417
417 261
417 425
417 185
417 673
417 425
417 257
417 305
417 299
417 329
418 289
418 426
418 550
418 262
418 162
418 778
418 386
418 419
418 826
418 933
419 740
419 292
419 940
419 417
419 419
419 915
419 487
419 424
419 418
419 809
419 423
419 423
419 289
419 945
420 1000
420 164
420 420
420 290
420 780
420 420
420 817
420 898
420 420
421 993
421 293
421 423
421 917
421 461
421 933
421 421
421 674
421 421
421 421
421 773
421 901
421 423
421 933
421 391
421 485
421 134
421 503
422 426
422 421
422 494
422 104
422 422
423 9
423 439
423 419
423 7
423 419
424 432
424 391
424 823
424 968
424 162
425 297
425 429
425 137
425 418
425 233
425 171
425 429
426 314
426 170
426 422
426 398
426 34
426 689
426 58
426 41
426 169
426 386
427 937
427 131
427 172
427 491
427 233
427 172
427 171
427 931
427 435
427 507
427 300
428 235
428 10
428 416
428 443
428 443
428 780
428 652
429 297
429 493
429 429
429 173
430 1006
430 189
431 191
431 13
431 131
431 427
431 911
432 392
432 251
433 945
433 435
433 275
433 305
433 435
433 177
433 435
434 161
434 418
434 434
434 434
434 1014
434 474
434 165
434 434
434 482
434 922
434 9
434 434
435 500
435 51
435 308
435 307
435 273
435 17
435 260
435 161
435 434
436 947
436 260
436 438
436 164
436 420
436 275
437 929
437 437
437 309
437 429
437 949
437 181
437 29
438 133
438 470
439 312
439 439
439 935
439 465
439 119
439 559
439 435
439 439
440 168
440 438
440 135
441 953
441 9
441 819
441 73
441 699
441 153
441 953
442 946
442 182
442 538
442 442
442 502
442 281
442 442
442 442
442 138
442 442
442 442
443 259
443 443
443 320
443 235
443 427
443 507
443 443
443 443
443 699
443 443
444 443
444 155
444 306
445 437
445 413
445 473
445 425
445 481
445 901
445 303
446 310
447 989
447 320
447 791
447 285
447 181
447 927
447 895
447 399
447 479
447 319
447 382
448 311
448 190
449 393
449 194
449 577
449 453
449 963
449 261
449 330
449 218
449 413
449 337
449 457
449 449
449 457
449 65
449 451
449 209
449 449
449 209
449 458
449 450
449 133
449 385
449 705
449 1
449 977
449 197
449 265
450 458
450 578
450 390
450 453
450 321
450 226
450 330
450 98
450 450
450 451
450 322
450 458
450 450
450 362
450 465
451 323
451 195
451 321
451 67
451 260
451 457
451 385
451 468
451 202
451 460
452 201
452 392
452 132
452 903
452 389
452 460
452 204
452 324
453 389
453 453
453 269
453 965
453 85
453 333
453 226
453 454
453 455
453 325
453 973
453 721
453 333
453 965
453 221
454 500
454 237
454 134
454 456
454 262
454 710
454 452
454 389
454 66
454 334
454 325
454 141
454 6
454 398
455 487
455 454
455 455
455 455
455 65
455 391
455 456
455 323
455 36
455 454
455 463
455 327
455 391
455 131
455 324
455 472
455 963
455 321
456 389
456 392
456 455
457 465
457 269
457 89
457 268
457 217
457 967
457 897
457 329
457 201
457 972
457 394
457 417
457 972
457 963
458 461
458 449
458 201
458 322
458 462
458 330
458 490
458 137
458 962
458 203
458 410
458 474
459 713
459 451
459 451
459 475
460 134
460 459
460 464
461 207
461 413
461 77
461 965
461 399
461 141
461 509
461 206
462 462
462 970
462 334
462 222
462 144
463 423
463 463
463 391
463 967
464 472
464 490
464 459
465 401
465 469
465 978
465 81
465 705
465 89
465 330
465 449
465 413
465 408
465 210
466 466
466 722
466 323
466 210
466 465
466 660
466 466
466 402
466 209
466 341
466 469
467 427
467 475
467 193
467 323
467 467
467 849
467 388
468 465
468 466
468 388
468 451
468 476
468 451
468 992
469 949
469 345
469 305
469 469
469 469
469 981
469 469
469 470
470 450
470 140
470 434
470 277
470 470
470 454
470 472
470 342
470 214
470 983
470 470
470 81
471 411
471 211
471 913
471 407
472 986
472 965
472 374
472 339
472 512
473 465
473 465
473 1013
473 459
474 457
475 836
475 503
475 475
475 220
475 416
475 209
476 972
476 202
476 348
477 877
477 814
477 477
477 479
477 113
477 346
477 341
477 473
477 378
478 714
478 414
478 198
478 478
478 735
478 254
479 475
479 347
479 367
479 397
479 763
480 413
480 400
480 416
481 353
481 9
481 489
481 289
481 492
481 481
481 225
481 225
481 361
481 242
481 497
482 482
482 458
482 419
482 481
482 484
482 354
482 370
483 393
483 148
483 507
483 483
483 451
484 232
484 936
484 500
484 130
484 250
484 408
484 386
485 213
485 357
485 143
485 357
485 389
485 225
485 453
485 272
486 390
486 502
486 457
486 248
486 229
487 451
487 951
487 491
487 417
487 807
487 71
487 743
488 488
489 233
489 1001
489 994
489 489
489 163
490 490
490 362
490 490
490 810
490 498
490 754
490 750
491 457
492 100
492 991
492 1002
493 325
493 457
494 862
494 292
494 201
494 425
494 966
495 128
495 304
495 361
495 941
496 368
497 177
497 737
497 471
497 501
497 481
497 353
497 346
497 257
497 369
497 441
498 340
498 833
499 227
499 499
499 483
499 471
500 500
500 168
500 436
500 756
500 500
500 392
500 220
501 277
501 983
501 405
501 853
501 437
501 997
502 230
502 504
502 486
503 231
503 231
504 439
504 454
505 425
505 955
505 473
505 249
505 434
505 505
505 489
505 985
505 458
506 508
506 1022
506 378
506 377
507 491
507 681
508 364
508 316
508 475
508 364
509 473
509 749
510 102
511 367
511 479
513 524
513 513
513 2
513 642
513 513
513 641
513 517
513 705
513 513
513 515
513 257
513 770
513 882
513 515
513 513
513 129
513 521
513 770
513 769
513 579
513 545
513 577
513 657
513 657
513 521
513 769
513 9
513 513
513 513
513 545
513 513
513 865
513 521
513 789
513 1
513 9
513 514
513 26
514 514
514 82
514 588
514 790
514 770
514 1
514 770
514 516
514 529
514 34
514 266
514 10
514 2
514 130
514 642
514 570
514 554
514 2
514 577
514 2
514 266
514 658
514 770
514 546
514 518
514 706
514 578
514 258
514 514
514 514
515 35
515 261
515 531
515 645
515 8
515 513
515 603
515 591
515 11
515 529
515 1
515 545
515 67
515 556
515 587
515 103
515 4
515 527
515 1
515 513
515 7
515 651
515 835
515 547
515 513
515 545
515 775
515 577
515 641
515 521
515 515
515 531
516 4
516 519
516 644
516 132
516 644
516 514
516 514
516 84
516 588
516 516
516 262
516 354
516 625
516 579
516 516
517 263
517 606
517 517
517 197
517 529
517 533
517 513
517 33
517 5
517 5
517 709
517 517
517 535
517 865
517 70
517 613
517 517
517 903
517 533
517 533
517 533
517 557
517 400
517 545
517 517
517 645
517 546
517 517
518 662
518 38
518 521
518 6
518 545
518 549
518 578
518 770
518 101
518 546
518 538
518 552
518 518
518 16
518 514
518 662
519 783
519 527
519 527
519 7
519 259
519 622
519 520
519 771
519 519
519 517
519 7
519 559
519 523
519 648
519 583
519 514
519 581
519 519
519 615
520 520
520 518
520 70
520 520
520 814
520 8
520 8
520 513
520 648
520 261
520 8
520 518
520 13
520 520
521 770
521 521
521 17
521 515
521 521
521 521
521 10
521 513
521 577
521 523
521 13
521 521
521 523
521 633
521 706
521 537
521 525
521 645
521 45
521 777
521 641
521 522
521 835
521 522
521 10
521 489
521 14
521 105
521 907
521 713
521 585
521 933
521 537
521 521
521 65
522 68
522 522
522 10
522 842
522 153
522 526
522 34
522 73
522 14
522 522
522 42
522 777
523 521
523 617
523 203
523 543
523 15
523 513
523 532
523 555
523 17
523 561
523 649
523 784
523 555
523 527
524 8
524 514
524 618
524 523
524 698
524 812
524 588
524 772
524 10
524 539
525 523
525 13
525 77
525 525
525 17
525 269
525 15
525 521
525 13
525 665
525 645
525 557
525 14
526 526
526 514
526 525
526 782
526 30
526 526
526 528
526 778
526 652
527 779
527 519
527 15
527 648
527 45
527 652
527 523
527 15
527 656
527 527
527 515
527 647
527 7
527 23
527 79
528 91
528 522
528 551
528 544
528 776
528 772
528 520
528 779
528 528
528 525
528 48
528 528
528 784
529 529
529 521
529 11
529 537
529 785
529 785
529 772
529 17
529 513
529 17
529 529
529 241
529 641
529 53
529 147
529 537
529 257
529 525
529 641
529 153
529 529
529 641
529 641
529 339
529 529
529 641
529 513
530 665
530 530
530 706
530 532
530 818
530 18
530 530
530 770
530 914
530 514
530 722
530 722
530 666
530 594
530 562
530 534
530 594
531 3
531 515
531 577
531 9
531 849
531 539
531 695
531 522
531 537
531 531
531 515
531 531
531 151
531 533
531 532
531 663
531 529
531 513
531 19
531 532
532 659
532 531
532 20
532 595
532 788
532 531
532 24
532 532
532 3
533 13
533 565
533 533
533 529
533 533
533 7
533 529
533 773
533 526
533 599
533 21
533 661
534 661
534 520
534 791
534 850
534 788
534 562
534 534
535 31
535 23
535 549
535 607
535 783
535 567
535 21
535 151
535 799
535 335
535 541
535 31
535 532
535 534
535 23
535 24
535 119
536 784
536 20
536 616
536 628
536 530
536 868
536 24
536 520
536 532
537 569
537 154
537 345
537 409
537 538
537 25
537 571
537 515
537 529
537 769
538 18
538 730
538 796
538 698
538 790
538 539
538 594
538 534
538 538
538 153
538 30
539 537
539 531
539 404
539 795
539 27
539 96
539 668
539 603
539 543
539 540
540 532
540 572
541 527
541 733
541 797
541 889
541 598
541 341
541 557
541 797
541 669
541 21
542 526
542 606
542 790
542 286
543 537
543 528
543 815
543 639
543 526
543 543
543 31
544 534
544 592
544 52
544 540
544 669
545 553
545 545
545 545
545 417
545 562
545 747
545 548
545 609
545 97
545 773
545 546
545 929
545 553
545 561
545 33
545 3
545 553
545 561
545 577
545 802
545 545
545 531
545 610
546 514
546 521
546 550
546 34
546 562
546 546
546 1
546 685
546 546
546 610
546 818
546 642
546 549
546 562
546 546
546 897
547 33
547 163
547 675
547 515
547 833
547 643
547 769
547 513
547 513
547 563
547 515
547 547
547 36
547 611
547 931
547 611
547 555
547 611
547 356
548 691
548 516
548 866
548 548
548 104
548 771
548 678
548 556
548 548
548 808
548 548
549 45
549 534
549 33
549 550
549 737
549 545
549 549
549 687
549 559
549 677
549 929
549 547
549 549
549 741
549 609
549 917
549 70
549 582
549 789
549 673
549 551
549 625
549 690
549 546
549 550
549 645
549 525
549 37
549 294
550 686
550 550
550 38
550 198
550 678
550 40
550 518
550 168
550 549
550 520
550 106
550 5
550 556
550 602
550 34
550 178
551 614
551 99
551 33
551 551
551 615
551 555
551 552
551 552
552 549
552 200
552 527
552 40
552 624
553 9
553 601
553 553
553 35
553 617
553 641
553 593
553 37
553 517
553 169
554 570
554 638
554 235
554 618
554 938
554 553
554 802
554 698
554 698
554 522
554 42
554 830
554 554
555 521
555 571
555 819
555 651
555 524
555 203
555 681
555 308
555 57
555 585
555 681
555 609
555 43
555 700
555 555
555 677
555 553
555 43
555 619
556 745
556 616
556 863
556 718
556 812
556 34
556 802
556 812
556 175
556 916
556 41
556 41
556 548
557 637
557 557
557 685
557 813
557 550
557 814
557 49
557 351
557 513
557 559
557 5
557 521
557 811
557 877
557 560
557 521
557 557
557 517
557 557
558 558
558 574
558 814
558 590
558 824
558 591
558 680
558 560
558 814
559 575
559 688
559 571
559 784
559 553
559 747
559 621
560 559
560 559
560 560
560 656
560 560
561 529
561 51
561 273
561 529
561 1009
561 241
561 626
561 801
561 113
561 305
561 561
561 19
561 529
561 825
562 58
562 562
562 532
562 724
562 689
562 762
562 790
562 274
562 568
562 434
562 534
562 562
563 547
563 147
563 613
563 115
563 547
563 563
563 3
563 547
563 243
563 115
563 531
563 563
563 515
563 827
564 564
564 523
564 36
564 35
564 731
564 564
564 318
564 548
565 680
565 885
565 566
565 21
565 61
565 703
565 565
565 565
565 625
566 517
566 550
566 538
566 48
566 536
566 824
567 63
567 568
567 773
567 565
567 567
567 567
567 567
568 536
569 29
569 105
569 63
569 697
569 1000
569 681
569 345
569 41
569 531
569 690
569 153
570 26
570 540
570 570
570 401
570 570
570 553
571 538
571 571
571 107
571 699
571 63
571 569
571 567
571 595
571 571
571 572
571 825
571 191
571 570
572 564
572 569
572 316
572 824
572 10
572 534
573 51
573 54
573 862
573 117
573 665
573 573
573 281
573 670
573 517
573 686
574 700
574 564
574 62
575 61
575 749
575 115
576 48
576 631
577 1
577 115
577 195
577 113
577 67
577 578
577 589
577 899
577 580
577 577
577 97
577 578
577 19
577 577
577 65
577 873
577 514
577 833
577 529
577 963
577 347
577 705
577 582
578 833
578 584
578 674
578 513
578 88
578 705
578 610
578 817
578 582
578 578
578 638
578 870
578 577
578 4
578 514
578 65
579 577
579 7
579 531
579 163
579 603
579 857
579 587
579 587
579 3
579 66
579 852
579 340
580 66
580 579
580 588
580 578
580 52
580 578
580 589
580 612
580 580
581 581
581 627
581 536
581 513
581 613
581 584
581 582
581 597
581 605
581 583
581 775
581 598
581 598
581 581
581 837
581 581
581 599
582 557
582 582
582 743
582 590
582 614
582 549
582 517
582 466
582 582
583 328
583 77
583 519
583 71
583 71
583 595
583 79
583 73
583 69
583 105
583 7
583 101
583 855
583 583
583 8
583 579
583 744
583 87
584 88
584 520
584 86
584 840
584 70
585 525
585 557
585 73
585 713
585 844
585 794
585 589
585 580
585 65
585 75
585 845
585 601
585 681
585 834
585 521
585 577
585 577
586 586
586 522
586 970
586 526
586 585
586 714
586 70
586 190
586 746
586 873
586 78
586 842
586 578
586 618
587 75
587 513
587 719
587 615
587 587
587 591
587 107
587 523
587 778
587 731
587 907
587 75
588 592
588 982
588 667
588 76
588 82
588 559
588 860
588 588
588 591
589 109
589 784
589 621
589 525
589 837
589 381
589 653
589 81
590 542
590 846
590 709
590 782
590 12
590 974
590 726
590 582
590 6
590 774
591 71
591 527
591 589
591 595
591 603
591 91
591 717
591 589
591 3
591 47
591 878
591 453
592 838
592 784
592 644
592 80
592 587
592 526
592 591
592 782
593 89
593 721
593 595
593 625
593 99
593 82
593 595
593 65
593 593
593 529
593 129
593 841
593 577
593 585
593 965
593 340
594 534
594 849
594 634
594 854
594 897
594 595
594 602
594 1
594 212
594 562
594 884
594 850
594 98
594 213
595 595
595 531
595 211
595 579
595 343
595 851
595 722
595 83
595 129
595 599
595 883
596 20
596 91
596 660
596 627
596 600
596 579
596 530
596 530
596 274
596 88
596 596
597 85
597 597
597 597
597 849
597 85
597 593
597 114
597 863
597 599
597 181
597 917
597 581
597 646
598 21
598 534
598 598
598 722
598 597
598 598
598 595
598 578
598 594
598 22
598 603
599 787
599 725
599 71
599 215
599 728
599 595
599 86
600 583
600 1016
600 583
600 72
600 607
601 617
601 605
601 587
601 586
601 25
601 90
601 857
601 737
601 627
601 606
601 796
601 593
601 607
602 606
602 602
602 601
602 594
602 746
602 94
602 60
603 90
603 603
603 523
603 9
603 473
603 867
603 971
603 715
604 81
604 380
604 852
604 588
604 27
605 614
605 625
605 607
605 734
605 605
605 577
606 734
606 602
606 352
606 89
607 607
607 607
607 91
608 528
608 108
608 544
608 638
608 718
609 97
609 745
609 614
609 617
609 881
609 609
609 869
609 225
609 593
609 962
609 993
609 545
609 100
609 101
609 729
610 610
610 610
610 870
610 612
610 646
611 515
611 103
611 803
611 721
612 611
612 612
612 563
612 92
612 868
612 579
612 804
613 565
613 37
613 621
613 616
613 110
613 549
614 616
614 102
614 246
614 630
614 104
614 621
614 118
614 613
615 580
615 639
615 88
615 456
615 869
615 551
615 519
617 529
617 622
617 537
617 99
617 618
617 617
617 621
617 610
617 586
618 204
618 554
618 330
618 826
618 738
618 577
618 112
618 635
618 618
618 625
619 907
619 355
619 623
619 811
619 611
619 624
619 841
620 104
620 634
620 546
621 633
621 559
621 558
621 77
621 557
621 877
621 553
622 486
622 574
622 301
622 637
622 112
622 110
622 618
622 558
622 618
622 618
622 845
622 637
623 579
623 587
623 111
623 623
624 623
624 608
624 651
624 112
624 972
625 625
625 889
625 117
625 625
625 625
625 629
625 833
625 561
626 1010
626 531
626 82
626 290
626 690
626 50
626 82
626 786
627 639
627 563
627 627
627 612
627 609
627 564
627 513
628 534
628 595
628 372
628 564
628 627
629 629
629 757
629 485
629 889
629 597
629 757
629 561
629 694
629 118
629 533
629 533
630 374
630 626
630 894
630 174
630 368
631 631
631 247
632 631
632 728
632 629
632 532
632 637
632 612
632 567
632 600
633 638
633 563
633 601
633 337
633 57
633 765
633 761
633 705
634 882
635 115
635 107
635 115
635 585
635 54
635 603
635 572
636 92
636 123
636 628
637 21
637 629
637 250
637 893
637 768
637 589
637 86
638 125
638 590
639 635
639 349
640 624
640 608
640 1024
640 572
640 445
641 209
641 717
641 925
641 642
641 931
641 802
641 514
641 641
641 647
641 643
641 643
641 657
641 647
641 513
641 7
641 641
641 513
641 289
641 641
641 17
641 11
641 651
641 193
641 713
641 705
641 817
641 513
641 906
641 514
641 642
641 194
641 785
641 65
641 674
641 161
641 641
641 706
642 6
642 642
642 642
642 129
642 642
642 722
642 897
642 562
642 642
642 298
642 676
642 739
642 650
642 170
643 524
643 420
643 195
643 641
643 643
643 643
643 659
643 641
643 907
643 661
643 588
643 643
643 131
643 138
643 644
644 642
644 676
644 716
644 648
644 643
644 648
644 667
644 386
644 707
644 660
644 660
644 520
644 194
644 644
644 643
644 707
644 714
644 652
644 644
644 388
644 707
645 645
645 134
645 773
645 707
645 646
645 183
645 645
645 133
645 385
645 525
645 742
645 646
645 561
645 133
645 934
645 550
645 902
645 529
645 677
645 709
645 659
645 462
645 645
645 645
645 997
646 646
646 653
646 513
646 662
646 662
646 901
646 718
646 646
646 165
646 646
647 19
647 144
647 648
647 807
647 615
647 591
647 135
647 7
647 519
647 704
647 907
647 711
647 135
648 436
648 588
648 160
648 664
648 648
649 645
649 649
649 41
649 652
649 674
649 650
649 523
649 137
649 513
649 176
649 705
649 577
649 555
649 651
649 681
649 413
649 137
649 649
650 138
650 905
650 906
650 912
650 130
650 713
650 833
650 130
650 12
650 718
650 642
650 906
650 718
651 75
651 909
651 650
651 681
651 899
651 659
651 879
651 745
651 717
651 539
652 651
652 258
652 524
652 652
652 732
652 908
652 140
652 746
652 656
652 140
653 717
653 667
653 533
653 129
653 650
653 939
653 783
654 648
654 670
654 646
654 207
654 902
654 526
654 713
655 647
655 176
655 927
655 715
655 587
655 647
655 515
656 652
656 400
657 961
657 385
657 721
657 130
657 642
657 539
657 657
657 145
657 9
657 897
657 657
657 131
657 665
657 149
657 531
657 721
657 514
657 641
657 721
657 145
658 714
658 690
658 914
658 145
658 154
658 534
658 306
658 658
658 434
658 658
658 309
659 659
659 19
659 659
659 977
659 213
659 151
659 659
660 788
660 3
660 668
660 532
660 664
660 660
660 27
660 788
661 17
661 662
661 135
661 701
661 715
661 669
661 533
662 406
662 933
662 696
662 657
662 8
662 694
663 15
663 597
663 773
663 688
663 647
663 695
664 648
664 152
664 146
664 694
665 217
665 665
665 217
665 537
665 561
665 905
665 923
665 138
665 93
665 666
665 793
665 538
665 917
665 722
665 650
665 645
665 650
666 649
666 658
666 121
666 661
666 922
667 157
667 636
667 651
667 667
667 515
668 540
668 158
668 668
668 156
668 156
668 665
668 668
668 156
669 273
669 725
669 927
669 677
670 142
671 703
671 653
671 695
671 320
671 665
671 159
672 668
672 130
672 668
672 720
672 672
672 734
673 642
673 553
673 737
673 681
673 545
673 385
673 705
673 939
673 674
673 549
673 693
673 418
673 581
673 775
673 897
673 531
673 673
673 419
673 737
674 753
674 165
674 34
674 674
674 737
674 674
674 582
674 34
674 550
674 745
674 418
674 658
674 146
675 547
675 659
675 177
675 675
675 691
675 691
675 683
675 548
675 675
675 565
675 937
675 744
675 187
675 675
675 179
676 548
676 548
677 177
677 165
677 294
677 197
677 741
677 673
677 685
677 161
677 623
677 693
677 679
677 933
677 677
677 949
678 562
678 78
678 134
678 902
678 678
678 805
678 550
678 610
678 946
679 679
679 167
679 567
679 517
679 679
679 939
679 675
679 679
679 679
679 679
679 517
679 935
680 616
680 647
681 57
681 653
681 643
681 557
681 557
681 673
681 673
681 1005
681 649
681 681
681 162
681 685
681 681
681 161
682 662
682 546
682 650
683 621
683 555
683 555
683 555
683 683
683 651
683 683
683 681
684 683
684 682
684 172
684 676
685 545
685 165
685 525
685 70
685 653
686 622
687 1007
687 165
687 173
687 747
687 355
687 943
687 677
687 687
688 160
688 763
689 181
689 929
689 689
689 179
689 561
689 689
689 689
689 913
689 29
689 883
689 181
689 561
689 945
689 419
689 93
689 689
689 689
689 946
690 243
690 225
690 676
690 690
690 602
690 468
690 257
690 754
690 692
691 691
691 760
691 752
691 52
691 440
691 898
691 183
691 51
691 211
692 660
692 555
692 660
692 690
693 1013
693 699
693 189
693 182
694 947
694 184
694 690
694 945
694 518
695 151
695 55
695 920
695 131
695 7
695 539
695 567
696 574
696 903
696 663
696 760
696 584
697 657
697 699
697 665
697 657
697 649
697 185
697 697
697 57
697 185
697 446
698 701
698 570
698 750
698 249
698 698
698 177
698 666
698 254
699 299
699 667
699 699
699 857
699 959
699 1011
699 413
699 659
699 653
699 59
700 569
701 123
701 573
701 445
701 695
701 701
701 765
702 766
702 692
702 685
703 423
703 652
703 677
704 766
704 703
705 705
705 193
705 706
705 477
705 833
705 641
705 739
705 65
705 197
705 229
705 673
705 193
705 712
705 705
705 161
705 641
705 193
705 65
705 745
706 929
706 70
706 769
706 962
706 470
706 434
706 706
706 614
706 898
706 674
706 2
707 705
707 743
707 195
707 705
707 73
707 651
707 195
707 195
707 651
707 722
707 131
707 147
707 707
707 707
707 641
708 659
708 644
708 654
708 708
708 707
708 900
708 708
708 708
709 402
709 109
709 641
709 197
709 709
709 709
709 69
709 709
709 643
709 196
709 717
709 225
710 648
710 1014
710 709
711 197
711 712
711 119
711 643
711 908
711 713
711 577
711 200
711 711
711 193
711 577
712 196
712 714
712 82
712 728
712 711
712 968
712 840
713 717
713 713
713 233
713 585
713 523
713 729
713 675
713 905
713 714
713 909
714 330
714 744
714 77
714 588
714 718
714 666
715 11
715 651
715 524
715 620
715 139
715 655
715 203
715 971
715 79
715 899
715 140
715 271
715 658
715 608
715 715
716 610
716 587
716 652
717 213
717 591
717 717
717 671
717 973
717 577
718 578
718 254
718 138
719 749
719 207
720 527
721 705
721 213
721 721
721 629
721 721
721 923
721 657
721 586
721 661
721 705
721 721
721 731
722 722
722 794
722 625
722 706
722 65
723 659
723 727
723 535
723 599
723 723
723 705
724 708
724 603
724 216
724 212
724 660
724 136
725 215
725 215
725 629
726 726
726 722
726 482
726 582
726 702
726 718
726 854
726 594
727 215
727 115
727 723
727 983
727 727
728 659
728 598
728 232
728 533
728 581
728 522
728 709
729 729
729 158
729 979
729 961
729 217
729 206
729 731
729 669
729 723
729 721
730 602
730 137
730 554
730 979
731 729
731 603
731 731
731 665
731 987
731 211
731 139
731 588
731 217
731 985
732 764
732 971
733 735
733 617
733 605
733 713
733 985
733 721
733 541
734 862
734 749
735 734
735 640
736 523
736 155
736 735
736 160
737 706
737 129
737 97
737 1009
737 745
737 882
737 737
737 163
737 753
737 65
737 673
738 201
738 676
738 161
738 630
738 666
739 931
739 931
739 612
739 235
739 139
739 81
739 681
739 739
739 723
739 707
740 244
740 676
740 740
740 228
740 996
741 101
741 741
741 935
741 721
741 641
741 713
741 738
741 547
741 745
742 630
742 982
742 758
742 968
743 739
743 871
743 743
743 629
743 711
744 737
744 612
744 744
744 768
744 680
744 680
745 737
745 745
745 737
745 737
746 677
746 234
746 706
746 488
746 684
746 650
746 942
746 577
747 449
747 743
747 681
747 857
747 763
747 585
747 889
747 747
747 619
748 748
748 683
748 418
748 748
749 237
749 749
749 742
750 246
750 582
750 669
750 614
751 652
751 171
751 768
751 621
751 623
752 756
752 388
753 1019
753 721
753 709
753 789
753 689
753 625
753 81
753 1009
753 241
754 721
754 690
754 754
754 628
754 738
755 627
755 631
755 755
756 660
756 596
756 244
756 756
756 740
757 638
757 249
757 677
757 693
758 650
758 245
758 949
758 709
758 768
759 883
759 887
759 191
759 757
759 755
759 247
759 53
761 117
761 697
761 649
761 768
761 747
761 124
761 733
761 761
762 620
762 153
762 754
762 570
763 763
764 468
764 716
764 764
765 121
765 716
765 189
766 94
767 767
767 735
767 639
768 768
768 767
768 733
769 769
769 321
769 837
769 262
769 785
769 785
769 772
769 786
769 641
769 906
769 785
769 774
769 769
769 777
769 909
769 129
769 845
769 849
769 785
769 801
769 321
770 642
770 778
770 898
770 774
770 802
770 548
770 770
770 138
770 514
770 835
770 842
770 17
770 833
770 778
771 771
771 795
771 523
771 267
771 264
771 267
771 260
771 259
771 257
771 915
771 67
771 777
771 783
771 777
771 844
771 463
771 769
771 836
771 321
771 795
772 516
772 772
772 324
772 776
772 289
772 908
772 292
772 3
772 772
772 260
772 836
773 518
773 917
773 807
773 773
773 789
773 769
773 917
773 777
773 375
773 805
773 261
773 789
773 5
773 263
773 389
773 265
773 613
773 775
773 845
773 520
773 909
774 774
774 914
774 902
774 773
774 14
774 777
774 830
774 662
774 10
774 806
774 776
774 870
774 130
774 421
775 266
775 641
775 311
775 37
775 15
775 805
775 903
775 581
775 779
775 515
775 775
775 835
776 904
776 808
776 783
776 776
776 327
776 808
776 776
777 945
777 261
777 897
777 642
777 779
777 513
777 11
777 777
777 793
777 897
777 777
777 524
777 778
777 841
777 797
777 777
777 9
777 868
777 769
777 299
777 513
778 546
778 898
778 458
778 346
778 746
778 385
778 844
778 770
778 834
778 778
778 82
778 538
778 866
778 266
779 547
779 775
779 784
779 554
779 264
779 969
780 772
780 772
780 923
780 798
780 772
780 780
780 794
781 769
781 339
781 523
781 779
781 713
781 265
781 781
781 269
781 397
781 773
781 837
781 911
781 77
781 301
782 798
782 784
782 270
782 842
782 14
782 525
782 526
782 389
782 583
782 782
782 778
783 910
783 381
783 149
783 301
783 847
783 971
783 779
783 783
783 799
784 528
784 784
784 524
784 848
784 1008
784 778
784 783
785 337
785 833
785 785
785 849
785 657
785 625
785 785
785 805
785 529
785 577
785 849
785 881
785 786
785 689
785 907
785 917
785 785
785 787
785 788
785 789
785 281
785 788
785 531
785 801
785 913
785 785
786 258
786 818
786 690
786 913
786 769
786 533
786 790
786 786
786 198
786 490
786 953
786 602
786 914
787 887
787 603
787 277
787 343
787 979
787 793
787 520
787 771
787 853
787 795
787 515
787 851
787 532
787 287
787 787
788 27
788 852
788 914
788 838
788 1010
789 277
789 789
789 854
789 373
789 541
789 777
789 689
789 789
789 853
789 790
789 789
789 789
789 341
789 689
789 789
789 533
789 773
789 789
790 854
790 822
790 792
790 805
790 770
791 851
791 979
791 519
791 23
791 919
792 287
792 567
792 984
792 544
792 852
792 567
793 297
793 795
793 593
793 827
793 925
793 849
793 410
793 958
793 793
793 917
793 321
793 793
793 601
793 266
793 769
794 538
794 786
794 266
794 522
794 854
794 517
794 521
794 777
795 799
795 923
795 529
796 12
797 800
797 857
797 957
797 283
797 917
797 797
797 893
797 285
798 794
798 574
798 784
798 786
798 926
799 791
799 535
799 313
799 176
799 543
799 927
799 37
800 806
800 798
800 311
801 545
801 565
801 819
801 802
801 882
801 801
801 545
801 801
801 805
801 6
801 769
801 818
801 933
801 802
801 889
801 801
801 545
801 801
801 423
801 773
801 289
801 802
801 609
801 297
801 517
801 900
802 802
802 802
802 294
802 516
802 666
802 266
802 930
802 178
802 114
802 929
802 546
802 778
802 10
802 777
802 801
802 545
803 516
803 23
803 675
803 769
803 931
803 963
803 932
803 37
803 801
803 563
803 937
803 912
803 911
804 802
804 51
804 867
804 418
804 817
804 807
804 552
805 673
805 677
805 869
805 294
805 37
805 789
805 551
805 550
805 773
805 689
805 677
805 293
805 566
805 261
806 550
806 810
806 294
806 302
806 294
806 42
806 517
807 549
807 808
807 871
807 551
808 904
808 8
808 875
808 776
808 816
808 903
808 803
808 832
809 809
809 553
809 945
809 770
809 481
809 809
809 844
809 802
809 553
810 16
810 948
810 618
810 810
810 938
810 490
811 298
811 811
811 675
811 816
811 803
811 811
811 26
811 771
811 73
811 571
811 769
812 746
812 770
812 876
812 650
812 812
812 908
813 553
813 41
813 805
813 807
813 303
813 877
813 993
813 814
813 805
813 809
813 769
814 814
814 814
814 266
814 813
814 558
815 799
815 943
815 811
815 559
815 551
816 560
816 904
816 428
817 49
817 945
817 945
817 801
817 819
817 545
817 405
817 954
817 817
817 817
817 817
817 817
817 837
817 817
817 801
817 565
817 642
818 818
818 373
818 826
818 802
818 306
818 820
818 818
818 290
818 518
818 418
819 531
819 849
819 553
819 435
819 931
819 811
819 689
819 289
819 803
820 810
820 791
820 308
821 535
821 826
821 566
821 805
821 825
821 337
821 817
821 817
821 629
822 568
822 788
822 822
822 594
822 534
822 866
822 56
822 553
822 822
822 818
823 39
823 791
824 440
824 825
824 567
824 568
825 797
825 307
825 809
825 817
825 825
825 959
825 785
825 633
826 573
826 892
826 714
826 314
826 810
827 411
827 787
827 555
827 313
827 895
827 793
827 574
827 114
827 635
827 315
828 444
828 827
828 284
828 796
828 827
828 436
828 780
828 960
829 817
829 781
829 829
830 830
830 693
830 800
830 765
831 827
833 322
833 582
833 321
833 835
833 577
833 833
833 333
833 577
833 785
833 838
833 833
833 120
833 869
833 834
833 321
833 877
833 351
833 769
833 870
833 323
834 947
834 982
834 532
834 833
834 770
834 771
834 322
834 330
834 802
834 642
834 370
835 323
835 835
835 967
835 843
835 710
835 833
835 835
835 835
835 835
835 331
835 841
835 257
836 836
836 329
836 770
836 838
836 582
836 834
836 580
836 714
836 844
836 834
836 903
836 836
836 867
836 772
836 772
837 886
837 839
837 962
837 845
837 997
837 69
837 805
837 513
837 966
837 581
837 837
837 853
837 833
837 262
837 837
837 870
837 529
837 837
837 325
838 328
838 837
838 323
838 782
838 966
838 837
839 869
839 357
839 488
839 849
839 791
839 965
839 331
839 839
839 835
840 519
840 775
840 848
840 592
840 632
840 269
840 744
840 454
840 839
841 323
841 833
841 76
841 833
841 91
841 833
841 471
841 610
841 835
841 857
841 321
842 777
842 586
842 266
842 330
842 858
842 838
842 842
843 523
843 265
843 590
843 592
844 874
844 708
844 324
845 842
845 877
845 329
845 579
845 341
845 579
845 833
846 589
846 462
846 326
846 288
846 546
846 335
847 591
847 783
847 588
847 671
847 975
848 784
848 368
848 79
848 528
848 336
848 844
849 581
849 21
849 281
849 337
849 769
849 849
849 89
849 787
849 81
849 850
849 835
849 379
849 857
849 849
850 785
850 582
850 978
850 258
851 851
851 563
851 889
851 337
851 625
851 788
851 855
852 854
853 1021
853 293
853 853
853 870
853 837
853 151
853 789
854 965
855 323
855 607
855 839
855 896
856 584
856 72
856 471
856 862
856 324
857 537
857 715
857 577
857 797
858 861
858 337
858 604
858 797
858 854
858 982
858 89
858 90
858 30
859 795
859 857
860 793
860 267
861 854
861 889
861 889
861 533
861 841
862 574
862 214
862 864
862 602
862 861
863 606
863 351
863 536
863 608
863 861
863 797
863 927
864 862
864 1020
864 460
864 628
864 383
865 611
865 833
865 771
865 357
865 865
865 833
865 801
865 705
865 115
865 289
865 837
866 868
866 878
866 609
866 482
866 834
866 866
866 837
866 234
866 98
866 877
866 769
867 803
867 705
867 867
867 995
867 355
867 324
867 571
867 855
867 355
868 626
868 870
868 836
868 324
868 514
868 868
868 836
868 104
868 588
869 298
869 869
869 869
869 613
869 869
870 615
870 805
870 871
870 952
871 999
871 323
871 807
871 871
871 851
872 360
872 847
872 870
872 326
872 549
872 326
872 360
873 617
873 609
873 585
873 875
873 873
873 874
873 619
873 777
873 875
873 941
873 489
873 354
873 809
874 746
874 238
874 634
874 1012
874 354
874 106
875 859
875 367
875 879
875 995
875 895
875 76
875 811
875 869
876 835
876 868
876 1004
876 564
876 235
877 229
877 877
877 847
877 605
877 357
877 877
877 909
878 113
878 875
878 613
878 614
878 878
878 358
879 871
879 691
879 109
879 879
880 1008
880 848
880 878
881 561
881 817
881 577
882 610
882 882
882 769
882 17
883 311
883 627
883 881
883 881
883 625
884 828
884 858
885 369
885 1010
886 632
886 865
886 914
886 818
887 72
887 543
887 303
888 856
889 767
889 105
890 858
890 116
890 826
890 378
891 859
891 883
891 57
892 556
892 1004
892 345
892 68
892 121
893 585
893 893
893 863
894 124
894 890
894 632
895 880
895 634
895 893
895 175
896 636
896 868
897 641
897 936
897 137
897 769
897 962
897 645
897 650
897 690
897 963
897 929
897 389
897 705
897 913
897 665
897 897
897 929
898 524
898 642
898 518
898 902
898 898
898 898
898 392
898 1
898 642
898 801
898 642
898 268
898 962
899 643
899 547
899 709
899 387
899 3
899 20
899 897
899 657
899 899
899 812
899 915
899 931
899 387
899 273
899 899
899 276
899 931
900 772
900 300
900 644
900 788
900 916
900 276
901 582
901 909
901 770
901 897
901 389
901 293
901 901
901 146
901 773
901 373
901 935
901 901
901 902
901 645
902 833
902 773
902 645
902 918
903 903
903 911
903 649
903 903
903 391
903 583
903 915
904 912
904 935
904 968
904 132
904 456
905 897
905 393
905 417
905 897
905 781
905 900
905 905
905 897
905 641
906 782
906 796
906 682
906 986
906 898
906 778
906 777
907 815
907 953
907 908
907 899
907 812
907 143
907 905
907 907
908 492
908 644
908 684
908 432
908 816
908 780
909 807
909 277
909 941
909 390
909 910
909 393
910 906
910 910
910 910
911 783
911 655
911 528
911 783
912 266
912 940
913 953
913 897
913 993
913 913
913 753
913 465
913 977
913 897
914 529
914 130
914 389
914 402
914 930
914 914
914 918
914 404
914 834
915 771
915 387
915 899
915 916
915 723
915 27
916 985
916 530
916 948
916 884
917 919
917 661
917 403
917 917
917 913
917 469
918 920
918 950
918 966
918 918
918 652
918 818
919 919
919 951
919 904
919 663
919 399
919 463
920 268
920 501
920 823
920 904
920 786
921 761
921 921
921 27
921 796
921 924
921 921
921 946
921 924
921 923
922 26
922 922
922 537
923 697
923 665
923 276
923 915
923 938
923 27
923 405
924 907
924 916
924 796
924 920
924 412
924 926
925 909
925 153
925 769
925 669
926 154
926 662
926 414
926 925
926 666
926 918
927 799
927 479
927 695
927 415
928 781
928 572
928 475
929 389
929 865
929 741
929 682
929 929
929 673
929 801
929 1021
929 674
929 945
929 996
930 929
930 705
930 698
930 945
930 938
930 994
930 954
930 682
931 901
931 977
931 941
931 683
931 388
931 425
931 307
931 939
931 929
932 290
932 676
932 684
932 979
933 421
933 921
933 933
933 949
933 949
933 934
933 305
933 425
933 897
933 901
934 422
934 934
934 303
935 951
935 695
935 911
935 917
935 929
935 1023
935 998
935 424
935 389
935 933
936 742
936 424
936 932
937 684
937 906
937 501
937 953
938 650
938 914
938 937
938 426
938 778
938 905
938 938
939 540
939 931
939 1023
939 939
939 685
940 432
940 940
940 176
940 880
940 427
940 908
941 685
941 1005
941 1018
941 1005
941 805
941 493
941 799
941 807
942 934
942 808
943 687
943 289
943 959
944 189
944 688
945 690
945 978
945 929
945 946
945 897
945 689
945 691
945 949
945 1009
946 682
946 948
946 419
946 897
946 941
946 438
946 500
946 946
946 697
947 481
947 404
947 916
947 243
948 946
948 959
948 820
949 934
949 161
949 422
949 693
949 961
949 789
950 916
950 821
950 986
950 158
950 949
950 949
950 950
950 950
950 918
950 950
950 50
950 1014
951 897
951 947
952 831
952 568
953 698
953 697
954 825
954 568
954 810
954 954
955 139
955 955
955 1019
955 795
955 915
955 796
956 684
956 434
956 923
956 666
957 829
957 957
957 957
958 414
958 959
958 686
958 942
958 954
959 959
959 447
959 887
960 960
961 969
961 985
961 905
961 449
961 193
961 969
961 457
961 997
961 577
961 1001
961 419
961 324
961 961
961 737
962 450
962 849
962 962
962 1001
962 453
962 330
962 982
962 65
962 970
962 937
962 450
963 963
963 452
963 971
963 963
963 133
963 968
963 883
963 971
963 984
963 963
963 771
963 403
963 452
964 980
964 593
964 996
964 772
964 980
965 961
966 962
966 839
966 326
966 966
966 454
966 902
966 758
967 455
967 995
967 656
967 999
967 455
967 712
967 13
967 963
967 979
967 987
967 967
967 839
968 968
968 451
968 1000
969 972
969 969
969 969
969 450
969 969
969 981
969 1001
969 905
969 490
969 809
970 968
970 578
970 329
970 217
970 330
970 650
970 969
971 715
971 907
971 715
971 393
971 457
972 722
972 1021
972 526
972 460
972 588
973 841
973 878
973 461
973 906
974 718
974 602
974 837
975 592
975 87
976 1004
976 590
976 971
977 977
977 473
977 921
977 209
977 985
978 598
978 337
978 582
978 584
979 659
979 469
979 979
979 981
979 849
979 273
980 900
980 983
980 984
980 275
980 884
980 858
981 598
981 865
981 669
981 341
982 982
982 472
982 471
982 711
983 927
983 839
983 404
983 471
984 595
984 408
984 979
985 985
985 137
985 1011
985 841
985 90
985 469
985 984
985 961
986 666
986 974
986 218
986 618
987 971
987 443
987 459
987 795
987 971
987 835
987 988
988 475
988 916
988 796
989 597
989 261
989 729
990 982
990 666
991 719
991 351
991 451
992 917
993 865
993 961
993 834
993 737
993 993
993 962
993 497
993 1015
993 873
993 929
993 321
994 994
994 497
995 676
995 965
995 740
995 932
995 739
995 875
995 996
995 485
995 743
996 737
997 561
997 901
997 997
998 998
998 502
998 420
998 881
998 838
998 997
999 232
1000 744
1000 432
1000 104
1001 1005
1001 349
1001 233
1001 426
1001 425
1001 363
1001 345
1001 715
1001 998
1001 171
1003 899
1003 763
1003 972
1003 489
1004 746
1004 937
1005 421
1005 1001
1006 495
1006 971
1007 879
1008 784
1009 465
1009 561
1009 981
1010 612
1010 998
1010 611
1010 722
1011 920
1011 499
1011 1011
1012 500
1012 883
1013 446
1013 957
1014 1013
1014 870
1014 689
1015 733
1017 252
1017 1003
1017 828
1017 1017
1017 953
1019 251
1019 339
1020 876
1020 756
1021 802
1021 1002
1021 509
1021 985
1021 1021
1022 1006
1023 247
1024 734
