AdjacencyGraph
2048
20000
0
72
115
162
190
254
275
299
322
378
413
453
470
503
524
538
552
614
652
682
701
739
767
790
797
839
860
874
891
907
926
940
942
986
1016
1053
1076
1111
1130
1141
1155
1196
1214
1236
1257
1282
1303
1316
1331
1360
1389
1411
1426
1445
1456
1470
1477
1494
1504
1522
1535
1551
1560
1566
1575
1628
1664
1694
1717
1747
1767
1788
1797
1824
1841
1870
1889
1912
1928
1943
1952
1975
1999
2020
2029
2050
2072
2082
2094
2108
2124
2143
2152
2165
2179
2189
2192
2222
2237
2261
2272
2301
2313
2333
2345
2363
2374
2384
2392
2405
2416
2429
2436
2459
2475
2484
2490
2505
2515
2521
2531
2545
2550
2561
2570
2578
2582
2588
2596
2660
2689
2730
2755
2779
2796
2818
2839
2871
2893
2915
2925
2945
2956
2972
2974
3017
3034
3062
3078
3106
3117
3133
3142
3167
3176
3187
3197
3211
3217
3227
3237
3264
3287
3305
3323
3343
3356
3371
3379
3398
3412
3426
3430
3440
3446
3454
3461
3487
3496
3516
3525
3538
3543
3551
3556
3577
3587
3593
3599
3606
3613
3617
3622
3657
3681
3702
3719
3753
3765
3780
3788
3809
3824
3842
3847
3860
3866
3872
3875
3892
3903
3919
3924
3939
3947
3959
3970
3985
3989
4005
4011
4019
4024
4028
4032
4052
4061
4070
4080
4099
4113
4124
4130
4147
4157
4172
4174
4184
4190
4196
4202
4219
4235
4243
4250
4260
4266
4272
4278
4288
4292
4302
4304
4310
4316
4321
4326
4372
4406
4439
4459
4494
4514
4533
4553
4582
4611
4640
4661
4684
4699
4717
4721
4754
4777
4797
4807
4834
4855
4871
4877
4899
4909
4923
4929
4947
4949
4959
4965
4989
5023
5039
5056
5087
5103
5116
5128
5139
5152
5171
5179
5190
5204
5213
5217
5234
5248
5258
5265
5276
5283
5293
5302
5319
5330
5344
5350
5359
5366
5369
5374
5401
5423
5444
5456
5476
5495
5505
5519
5543
5559
5568
5570
5583
5590
5603
5608
5637
5661
5673
5686
5699
5710
5722
5727
5738
5753
5764
5774
5784
5791
5799
5806
5833
5846
5865
5872
5892
5903
5913
5924
5940
5947
5956
5966
5977
5981
5989
5991
6012
6024
6037
6046
6058
6065
6069
6078
6090
6096
6103
6110
6112
6118
6122
6127
6161
6182
6207
6219
6241
6259
6270
6283
6305
6316
6333
6339
6353
6356
6364
6370
6391
6407
6420
6431
6446
6460
6474
6483
6498
6506
6515
6522
6532
6534
6539
6541
6558
6567
6585
6591
6614
6620
6630
6636
6651
6654
6664
6670
6676
6680
6685
6689
6708
6715
6722
6729
6736
6744
6749
6754
6767
6775
6781
6782
6786
6792
6798
6802
6824
6835
6845
6858
6869
6875
6885
6891
6900
6906
6921
6927
6939
6947
6954
6958
6979
6988
6994
6996
7007
7020
7025
7030
7040
7043
7048
7052
7061
7062
7066
7074
7090
7101
7110
7113
7123
7133
7140
7148
7155
7161
7164
7169
7175
7182
7186
7187
7197
7201
7205
7212
7215
7215
7218
7222
7227
7229
7233
7239
7248
7250
7254
7256
7305
7339
7359
7382
7414
7434
7455
7464
7492
7507
7536
7553
7575
7589
7608
7612
7647
7663
7690
7711
7734
7746
7756
7771
7796
7816
7834
7842
7853
7863
7877
7883
7907
7928
7948
7959
7977
7988
8007
8017
8035
8043
8058
8068
8078
8087
8097
8107
8123
8136
8151
8159
8174
8183
8193
8202
8208
8218
8227
8233
8238
8248
8252
8257
8286
8315
8336
8357
8387
8398
8415
8428
8445
8457
8470
8479
8497
8499
8511
8521
8545
8561
8577
8592
8607
8619
8622
8633
8646
8662
8672
8677
8686
8697
8703
8706
8721
8738
8753
8760
8778
8784
8793
8798
8821
8832
8842
8845
8851
8854
8861
8868
8878
8892
8898
8905
8917
8922
8928
8933
8938
8947
8955
8960
8969
8974
8976
8980
9005
9026
9047
9059
9078
9096
9113
9119
9140
9152
9159
9173
9191
9199
9206
9211
9238
9250
9265
9278
9292
9305
9317
9322
9331
9340
9350
9356
9371
9376
9381
9386
9405
9423
9432
9444
9455
9459
9472
9479
9497
9504
9514
9521
9532
9537
9551
9559
9575
9583
9593
9600
9608
9616
9629
9635
9642
9649
9653
9657
9662
9666
9671
9673
9691
9707
9723
9732
9748
9757
9763
9769
9783
9794
9807
9820
9832
9839
9846
9847
9855
9862
9871
9875
9884
9891
9898
9904
9917
9925
9932
9938
9940
9944
9947
9948
9961
9973
9982
9987
9996
10001
10004
10007
10014
10017
10022
10028
10035
10039
10041
10044
10057
10060
10065
10068
10073
10079
10081
10083
10092
10093
10096
10096
10100
10103
10106
10107
10139
10155
10180
10194
10206
10214
10224
10232
10245
10257
10271
10282
10296
10307
10314
10326
10337
10353
10364
10374
10391
10399
10411
10421
10433
10442
10450
10453
10461
10473
10480
10484
10513
10533
10542
10552
10564
10571
10579
10584
10603
10617
10626
10631
10641
10644
10654
10658
10680
10686
10697
10703
10714
10720
10728
10732
10739
10745
10750
10753
10760
10766
10773
10774
10799
10811
10827
10831
10845
10853
10864
10871
10887
10892
10896
10902
10912
10916
10924
10926
10935
10940
10954
10959
10969
10975
10980
10985
10989
10997
11001
11005
11012
11014
11015
11018
11030
11042
11057
11061
11070
11077
11087
11089
11098
11102
11108
11112
11119
11125
11129
11130
11143
11149
11158
11164
11178
11186
11192
11195
11199
11209
11212
11215
11225
11229
11233
11234
11255
11272
11285
11300
11308
11317
11329
11332
11346
11356
11366
11375
11389
11400
11406
11411
11422
11437
11452
11461
11471
11474
11477
11481
11487
11491
11497
11503
11505
11511
11514
11517
11531
11540
11555
11561
11570
11574
11579
11585
11594
11602
11614
11621
11625
11628
11632
11635
11642
11645
11647
11652
11661
11662
11664
11665
11673
11680
11683
11688
11696
11699
11700
11703
11715
11728
11736
11743
11751
11754
11762
11768
11779
11785
11789
11795
11802
11807
11810
11812
11821
11831
11841
11847
11848
11850
11852
11855
11859
11862
11869
11873
11878
11883
11884
11886
11893
11902
11906
11910
11916
11923
11932
11936
11939
11942
11947
11948
11953
11956
11958
11958
11967
11971
11977
11983
11984
11988
11992
11994
11997
11998
11999
12001
12003
12004
12008
12008
12043
12077
12122
12140
12170
12192
12210
12226
12262
12280
12303
12317
12338
12354
12378
12385
12423
12444
12462
12479
12494
12512
12534
12541
12562
12574
12590
12598
12621
12624
12639
12649
12686
12699
12727
12737
12760
12776
12783
12790
12806
12815
12829
12839
12854
12869
12882
12887
12901
12915
12925
12936
12948
12955
12960
12963
12980
12982
12987
12994
13002
13009
13014
13017
13045
13064
13075
13096
13124
13135
13150
13162
13187
13204
13214
13226
13239
13248
13257
13260
13279
13292
13306
13315
13331
13341
13351
13356
13370
13382
13390
13403
13416
13421
13428
13432
13454
13469
13484
13492
13506
13520
13525
13529
13540
13552
13557
13564
13570
13582
13587
13589
13599
13607
13614
13618
13627
13636
13642
13645
13663
13664
13669
13673
13678
13680
13683
13686
13719
13736
13758
13769
13786
13800
13814
13824
13847
13859
13876
13880
13894
13907
13915
13920
13943
13955
13963
13974
13987
13995
14007
14014
14029
14038
14051
14058
14071
14080
14090
14098
14124
14135
14149
14163
14172
14184
14198
14208
14220
14227
14238
14245
14252
14258
14263
14266
14274
14287
14293
14297
14304
14308
14313
14317
14323
14326
14332
14335
14341
14343
14347
14352
14378
14389
14407
14416
14425
14430
14434
14441
14447
14451
14461
14465
14472
14482
14484
14488
14502
14511
14522
14528
14539
14548
14551
14559
14571
14575
14587
14593
14600
14602
14608
14610
14620
14629
14639
14644
14651
14659
14667
14672
14680
14687
14692
14698
14700
14702
14708
14712
14723
14726
14729
14731
14740
14745
14747
14752
14759
14762
14767
14768
14774
14776
14782
14784
14817
14842
14869
14884
14904
14919
14941
14958
14982
15003
15015
15026
15044
15055
15061
15063
15091
15102
15117
15127
15146
15153
15164
15174
15186
15192
15199
15202
15213
15218
15221
15222
15242
15262
15275
15280
15288
15297
15305
15311
15317
15330
15335
15342
15353
15360
15364
15368
15385
15393
15399
15407
15414
15420
15430
15433
15439
15445
15450
15452
15460
15467
15471
15475
15501
15515
15535
15543
15558
15569
15578
15583
15597
15606
15612
15620
15641
15645
15647
15651
15668
15678
15689
15695
15705
15711
15713
15718
15725
15734
15737
15737
15747
15752
15753
15754
15774
15792
15798
15808
15818
15828
15835
15838
15846
15850
15854
15859
15865
15870
15876
15878
15888
15894
15900
15905
15909
15919
15921
15924
15935
15939
15943
15944
15950
15951
15956
15959
15980
15995
16006
16012
16025
16037
16051
16057
16071
16077
16082
16086
16098
16103
16112
16116
16128
16134
16142
16147
16160
16173
16178
16180
16188
16197
16203
16206
16208
16210
16213
16215
16237
16244
16256
16258
16268
16273
16278
16280
16287
16290
16294
16303
16315
16317
16322
16325
16338
16344
16349
16353
16365
16369
16374
16375
16385
16392
16393
16394
16396
16399
16402
16405
16414
16425
16435
16441
16451
16455
16461
16465
16479
16483
16492
16495
16505
16508
16517
16520
16532
16534
16544
16549
16553
16559
16564
16566
16575
16577
16583
16586
16589
16593
16594
16595
16606
16614
16617
16621
16627
16632
16637
16638
16640
16644
16653
16654
16662
16667
16669
16670
16675
16684
16689
16690
16693
16694
16698
16701
16705
16706
16708
16710
16710
16715
16719
16720
16747
16771
16787
16799
16819
16829
16842
16852
16871
16886
16904
16910
16922
16938
16943
16948
16973
16993
17004
17015
17026
17035
17042
17052
17064
17077
17084
17090
17097
17107
17116
17120
17155
17166
17181
17192
17207
17218
17224
17228
17243
17253
17264
17269
17277
17284
17291
17294
17312
17318
17325
17340
17342
17346
17348
17349
17356
17362
17372
17379
17383
17390
17395
17397
17420
17438
17455
17465
17481
17488
17500
17508
17523
17533
17538
17547
17554
17556
17564
17567
17577
17591
17597
17601
17616
17622
17632
17635
17652
17659
17663
17671
17678
17685
17689
17692
17710
17722
17734
17741
17745
17756
17757
17759
17768
17774
17779
17787
17790
17792
17794
17797
17809
17822
17831
17835
17846
17856
17862
17867
17872
17874
17880
17883
17884
17888
17892
17893
17918
17933
17944
17953
17970
17980
17993
18000
18018
18030
18039
18043
18051
18059
18061
18074
18088
18095
18106
18109
18115
18119
18123
18127
18135
18140
18147
18151
18158
18160
18166
18171
18189
18195
18203
18209
18216
18225
18228
18228
18236
18241
18245
18247
18254
18260
18263
18267
18274
18279
18288
18295
18303
18305
18312
18316
18325
18328
18333
18337
18343
18348
18351
18354
18368
18372
18383
18391
18403
18408
18419
18423
18430
18434
18443
18450
18459
18463
18470
18474
18486
18493
18499
18505
18515
18519
18525
18527
18537
18540
18547
18551
18557
18560
18561
18564
18570
18574
18579
18580
18585
18596
18599
18602
18606
18609
18613
18618
18621
18625
18628
18629
18633
18636
18643
18644
18650
18652
18655
18661
18664
18668
18673
18675
18676
18681
18682
18686
18704
18720
18733
18748
18767
18779
18789
18795
18812
18823
18828
18832
18840
18845
18850
18858
18871
18878
18885
18891
18901
18906
18913
18918
18929
18932
18934
18938
18941
18944
18951
18954
18971
18976
18988
18996
19004
19008
19016
19017
19025
19029
19038
19043
19051
19059
19064
19070
19079
19086
19091
19096
19103
19106
19110
19116
19120
19124
19129
19133
19138
19142
19144
19147
19159
19168
19179
19184
19195
19201
19206
19210
19224
19229
19236
19239
19250
19254
19262
19264
19274
19279
19286
19292
19301
19302
19306
19308
19316
19321
19324
19327
19332
19336
19340
19340
19348
19357
19363
19370
19373
19378
19381
19381
19392
19396
19406
19412
19417
19417
19418
19421
19426
19429
19437
19439
19444
19447
19450
19454
19459
19462
19466
19469
19473
19474
19474
19476
19489
19500
19513
19520
19533
19545
19551
19558
19564
19567
19576
19577
19591
19602
19603
19606
19615
19620
19624
19628
19635
19637
19645
19647
19652
19655
19658
19663
19666
19667
19670
19673
19683
19685
19690
19697
19703
19708
19712
19716
19723
19727
19732
19738
19742
19748
19754
19754
19761
19766
19769
19773
19778
19783
19786
19786
19788
19789
19790
19795
19799
19801
19803
19806
19820
19832
19835
19840
19847
19852
19854
19854
19859
19861
19870
19873
19875
19876
19881
19882
19895
19899
19902
19905
19908
19911
19913
19915
19919
19920
19924
19925
19926
19929
19930
19930
19934
19936
19941
19944
19949
19949
19949
19951
19955
19957
19960
19962
19964
19967
19968
19968
19973
19977
19978
19978
19983
19984
19986
19987
19990
19992
19992
19995
19997
19998
19999
256
143
11
256
1312
1184
784
1028
1028
264
4
2
3
7
260
1097
1024
560
268
264
64
10
258
545
256
580
1
517
128
1030
4
834
262
176
64
1792
4
522
32
64
258
256
1
1024
166
1024
520
1088
1536
80
256
1024
512
1
280
548
140
128
105
192
256
0
160
322
8
1536
400
68
0
0
1024
34
9
137
5
33
281
45
771
1
1033
1
73
577
295
33
1537
195
585
321
157
1035
320
1
1
1039
1123
99
257
1282
128
257
1290
105
265
17
577
5
513
1025
133
0
3
1
129
422
0
320
67
128
146
642
1106
223
74
166
642
694
1024
35
0
26
1025
1026
290
6
19
16
518
258
10
512
1026
2
258
2
66
3
2
1038
11
64
546
82
0
6
578
18
2
386
197
514
1155
514
15
518
18
3
131
289
67
570
8
259
18
651
3
263
91
835
533
771
3
2
9
18
131
1553
131
299
36
128
4
4
72
68
4
132
20
1029
4
1156
1621
0
12
12
128
68
1094
48
544
4
548
12
5
516
158
134
5
4
276
518
181
5
84
145
21
2
70
4
268
0
256
1292
0
14
516
36
1028
832
11
0
36
25
516
4
132
69
12
260
1284
164
0
68
527
20
71
9
269
1157
517
7
1031
60
257
44
261
21
1111
71
279
260
1052
69
15
1042
4
6
135
262
726
6
6
134
28
4
4
656
521
596
6
141
138
262
20
18
614
1550
198
23
142
1541
1047
10
66
1103
1286
7
71
1103
33
332
9
529
3
211
295
3
519
583
7
21
1602
1062
13
1054
24
8
1028
289
76
908
1298
32
520
72
1864
129
26
330
521
1032
8
376
1704
16
740
0
10
536
176
1024
128
24
1298
9
9
25
8
72
23
136
0
524
136
8
136
520
1290
12
8
72
1176
265
1032
142
1280
578
3
73
8
40
169
9
649
57
1117
169
9
328
1025
65
41
93
25
537
513
1
21
8
301
264
9
769
792
8
8
9
411
141
41
72
9
78
284
1174
394
40
728
514
138
1034
0
8
1034
35
73
26
106
22
24
71
1800
1161
15
10
1546
266
522
1035
2
572
10
138
34
8
330
2
526
826
264
588
787
7
99
283
33
138
129
59
11
11
522
0
11
299
1341
523
1421
1024
1039
1286
2
142
77
5
525
68
36
20
8
84
1037
332
640
13
158
0
30
796
1086
556
8
12
476
38
1176
1284
12
26
1030
12
76
5
9
9
429
269
13
1544
619
1103
140
396
1212
8
429
0
26
79
1037
11
73
300
12
12
334
1036
70
1102
206
10
270
14
1038
12
269
238
779
583
46
100
1038
14
47
143
147
143
1095
47
31
11
145
344
17
272
48
208
48
1680
29
272
1858
0
1232
8
16
1040
1040
144
1153
19
640
20
17
272
0
0
1093
250
1042
1308
16
20
306
0
80
24
48
208
553
372
1
1588
1042
1
0
16
1049
1680
16
52
1048
1040
33
16
52
6
1336
0
145
16
208
24
1041
1
3
1
51
97
33
401
1
1
52
18
1025
818
1169
1041
32
1173
1101
81
85
89
17
48
17
17
16
29
17
136
585
273
1193
145
187
33
533
33
1298
50
83
1808
2
50
18
1282
16
18
720
146
82
1658
2
18
82
432
1034
530
28
257
1426
1202
19
138
50
1056
103
80
275
1043
82
19
67
19
19
19
129
530
19
21
514
259
535
18
19
217
35
21
20
1136
512
22
20
20
1044
0
515
52
48
6
20
128
1041
20
1940
1814
20
22
1046
69
526
52
148
20
141
405
828
1044
180
404
4
20
528
4
28
537
949
19
132
152
349
21
148
63
661
21
533
147
85
21
21
1124
1317
151
537
21
785
257
17
21
279
277
81
30
340
530
847
662
724
50
404
7
1542
23
84
222
86
30
1115
1036
86
1694
278
16
788
194
31
1035
87
147
22
22
87
18
1048
600
56
25
280
568
64
56
24
16
520
128
8
24
8
1296
645
62
538
30
24
24
280
24
152
16
26
48
24
849
28
152
41
1800
24
24
50
74
1100
12
89
24
27
28
1817
57
89
1
281
145
513
40
793
1041
89
525
152
77
410
56
1049
248
1560
520
1176
58
1034
1050
1138
10
58
1042
18
94
12
1050
1041
1945
27
27
31
267
1137
522
27
537
827
283
155
443
1688
538
277
796
29
1292
4
286
56
284
44
12
42
1045
158
60
20
28
20
31
264
389
28
117
279
29
15
17
797
349
25
541
661
573
1049
4
93
1103
543
118
82
20
282
22
1563
63
671
1678
1050
30
47
1052
31
30
688
32
44
1025
48
32
514
1348
32
20
1121
562
32
32
112
33
1136
32
296
608
0
48
775
0
170
40
42
517
1600
32
176
36
180
100
33
5
32
40
544
51
1281
162
368
162
1209
97
1705
1
561
163
545
291
1188
257
289
225
308
1347
1
111
1297
1027
41
1144
41
161
1057
1068
17
1
69
160
288
161
162
362
1826
33
544
290
71
107
34
96
38
2
291
34
40
3
441
674
42
170
298
1026
546
16
1058
378
2
34
1030
35
32
130
1056
42
1378
32
108
293
35
2
3
67
1126
34
3
1475
33
579
161
1056
41
162
311
547
1064
546
161
419
167
435
198
39
813
37
256
124
36
48
36
0
116
41
1056
52
52
676
1126
548
512
1824
32
38
32
422
544
96
172
166
389
621
12
96
52
0
64
175
49
52
675
1060
48
101
1157
551
5
545
13
37
20
741
1069
38
44
357
6
164
36
38
39
70
35
1126
1184
302
119
38
1187
229
551
179
564
311
39
166
1571
290
38
1058
33
268
42
58
40
10
2
1184
1320
41
12
288
168
1448
808
1595
32
224
360
40
552
780
32
96
890
268
32
1056
1440
1128
544
40
40
41
41
40
43
1049
168
56
9
48
12
1037
42
169
1
53
1193
10
17
40
159
40
9
105
1049
185
553
43
624
43
40
425
1130
10
554
14
186
523
43
1067
48
42
234
11
2
18
298
1070
58
130
555
11
1039
171
299
1075
1057
1162
33
107
299
43
105
3
683
57
544
139
1075
107
1051
172
316
4
47
140
40
261
1036
14
13
44
1576
301
12
108
170
829
297
364
292
100
44
1825
12
1436
549
45
1069
621
44
5
1669
229
41
845
167
25
557
41
61
300
141
804
117
512
45
300
1070
42
46
15
174
10
638
110
38
14
14
172
11
2
174
1069
107
463
13
558
815
31
815
313
46
175
1599
16
1056
752
96
1168
1084
57
4
17
288
38
48
20
20
0
81
1080
912
144
216
572
96
80
816
0
816
0
16
48
563
701
17
33
24
52
115
561
43
1205
37
48
1041
945
945
57
272
17
49
21
37
164
50
561
240
129
819
121
55
688
1330
186
106
114
48
54
162
2
50
1073
98
50
182
38
1794
562
754
18
1299
19
178
33
115
1076
275
1202
499
563
179
512
45
626
17
567
51
298
308
182
36
700
32
4
316
60
45
1076
34
1340
52
50
53
632
1588
16
20
1061
60
549
81
50
305
565
565
1617
160
29
374
54
532
38
246
52
306
22
54
550
183
54
50
50
54
55
55
55
183
951
183
56
170
280
1113
1064
1184
1080
56
112
72
58
1075
40
56
280
1562
25
137
825
121
58
1080
101
41
61
687
189
26
538
1626
50
122
62
306
1818
190
58
120
696
798
554
0
562
10
568
9
1723
1046
249
1119
11
47
154
1051
63
59
62
1087
1082
60
559
188
178
124
56
44
412
1086
409
84
57
316
188
76
572
157
108
1341
21
633
60
568
53
62
49
60
538
48
140
89
178
1454
1066
47
19
63
23
527
67
1216
330
257
64
64
96
1632
105
259
64
64
80
5
64
1504
98
128
210
16
72
576
320
72
384
101
66
80
108
577
1032
88
65
68
592
64
66
320
64
64
576
0
594
64
578
106
320
1108
144
1356
560
1092
129
65
553
1216
1
771
65
65
320
592
529
65
1617
81
65
582
448
473
209
323
105
113
64
256
1025
97
64
65
577
2
65
556
333
81
81
329
9
1730
587
74
64
3
70
82
324
2
94
1602
194
67
2
195
1858
18
586
864
582
1230
64
267
66
66
66
576
1622
118
66
258
9
1091
1031
1088
195
66
64
97
1089
71
167
339
1091
163
1027
579
216
65
203
1091
66
35
576
65
5
204
1348
68
197
772
610
1024
68
76
1088
2
68
580
1604
68
200
448
68
516
69
68
208
4
1028
453
260
576
64
5
64
1105
69
1100
579
1621
1029
109
69
85
1092
589
34
68
605
597
365
81
6
326
68
50
68
70
66
70
102
339
6
1094
470
454
258
71
10
135
210
196
230
707
359
212
7
72
66
327
7
66
1229
216
328
520
584
72
64
72
67
1740
136
1033
728
89
1740
668
264
40
488
67
208
1100
256
328
192
67
1860
201
73
73
585
585
93
1865
73
64
153
617
194
139
333
329
328
97
1030
90
1091
1102
202
122
1194
1608
200
1370
106
74
74
322
75
458
10
72
594
1218
66
72
335
1352
202
10
1802
11
1098
1049
47
234
73
258
523
37
1187
223
41
73
811
95
11
11
1548
623
1866
10
76
1369
69
1034
110
1108
101
70
1128
634
236
73
44
78
78
1373
236
1097
248
1100
88
204
204
71
1165
589
69
1257
29
1865
73
989
605
110
71
69
73
1135
77
10
194
202
6
1124
109
206
458
11
1373
590
330
622
74
6
839
1679
1603
71
71
839
6
73
75
340
1104
1876
533
114
208
208
80
65
88
66
1104
342
83
594
1112
84
1040
99
144
80
1117
596
17
232
1113
67
81
82
213
17
113
113
81
69
625
37
65
65
337
145
1248
217
81
81
83
81
1104
88
66
86
722
212
64
604
210
1234
1091
98
80
338
242
850
1106
592
114
66
338
509
1089
91
323
87
18
1619
81
1119
21
33
1108
20
1138
596
20
1652
1360
84
20
1236
84
1180
342
192
32
212
28
82
53
336
1109
1093
596
533
657
1145
85
25
1117
247
1205
612
1088
596
133
93
20
1045
308
413
1
708
2
324
1238
82
1046
214
198
534
84
77
150
325
86
87
93
87
167
86
263
765
147
88
218
88
1096
1113
9
144
81
88
250
24
240
88
112
536
88
249
9
81
73
201
729
72
1112
24
349
337
379
1091
83
26
90
59
1114
90
30
1106
346
88
602
82
322
106
282
10
514
346
80
90
74
1099
31
91
203
19
131
74
75
120
92
1756
92
1244
94
124
84
220
68
1372
348
28
9
27
93
99
345
93
621
61
1237
4
13
89
1357
125
76
88
108
286
254
1470
30
78
394
94
83
95
468
104
336
97
608
44
1120
1120
1121
40
8
328
1121
608
160
608
96
65
104
96
546
80
1120
576
116
96
1129
64
193
61
612
293
361
1123
33
1097
33
97
97
97
633
241
105
33
611
1121
290
38
42
322
106
66
1892
402
1091
34
1395
98
1120
98
110
78
42
32
98
97
194
68
1138
239
235
96
3
83
67
35
299
609
97
99
225
736
1142
76
493
368
105
100
1326
326
124
116
1125
1164
356
68
4
68
1249
164
1124
32
100
100
228
161
885
169
100
357
1637
100
37
324
36
2004
868
167
1143
1126
23
1391
1614
342
620
87
68
293
934
838
1762
36
194
326
114
358
77
1062
1124
1092
742
610
99
33
611
67
231
103
99
71
103
199
743
103
96
1096
560
232
888
704
53
104
1336
72
360
45
104
120
104
1064
106
96
105
524
229
97
1145
297
7
1129
248
1251
1129
66
235
106
98
46
586
106
844
490
232
110
363
171
107
328
617
1115
1123
45
104
1164
760
117
1101
108
620
12
1032
104
77
1388
117
40
44
102
1061
78
253
581
108
365
585
1766
1260
254
108
1148
230
195
332
1126
77
102
1100
1148
126
536
291
237
1223
111
525
96
216
176
176
738
1144
1334
49
1136
96
324
116
144
816
1146
368
752
336
272
306
120
80
1072
320
125
113
1121
496
84
1877
125
1125
241
49
1236
322
53
121
608
483
106
80
64
194
120
112
530
624
371
112
49
247
66
23
48
308
84
1092
1396
117
628
100
116
300
243
132
52
180
596
48
117
1061
1021
1382
1142
116
29
113
80
100
102
630
730
86
228
1903
628
1078
119
1142
231
18
1267
439
1109
121
381
152
120
120
217
153
633
105
377
400
41
248
81
253
317
225
1136
249
248
619
98
30
632
378
110
282
874
1098
42
1659
313
379
603
115
101
1144
127
112
252
236
84
856
636
104
302
572
127
685
373
47
638
144
630
49
78
118
126
1259
119
95
91
123
26
31
130
200
128
1186
704
128
387
1415
646
34
644
384
689
128
128
657
128
144
1281
128
128
24
643
1152
130
1184
200
131
384
233
132
1172
224
160
944
514
164
736
128
128
162
128
128
242
1153
128
1152
128
145
520
1168
260
72
449
418
130
177
192
9
656
132
101
149
130
387
129
1
137
139
129
1555
1171
129
389
193
93
193
131
1035
200
129
46
131
81
385
1153
1033
736
135
129
128
135
128
128
130
169
960
194
1159
262
144
130
545
0
130
1777
150
1539
258
1538
642
162
934
11
130
2
690
160
419
898
130
162
18
130
130
131
1153
130
1410
1236
160
32
2
130
7
395
131
1155
1217
128
25
171
913
194
134
450
267
485
193
131
519
802
403
131
146
641
131
131
203
1920
641
140
164
193
144
949
197
174
1157
208
132
1028
1316
128
144
212
902
136
200
134
388
141
4
1053
198
1207
1061
9
197
518
421
389
194
133
15
133
1029
133
165
1173
196
156
388
188
138
660
2
1190
532
134
130
194
1170
22
902
28
38
646
36
83
2
134
131
133
131
135
133
133
135
1411
15
167
7
422
142
1189
645
714
10
131
676
230
390
1216
728
136
1157
1217
4
200
1040
770
136
72
136
395
8
9
408
1928
155
128
1196
133
40
128
9
152
1180
72
130
152
88
970
460
139
8
408
1161
130
1669
1193
81
1169
137
1225
1193
73
1
649
139
649
1097
1161
649
1186
41
1152
1082
1226
218
10
330
234
904
924
683
160
206
668
1230
128
665
1672
202
26
4
200
15
139
651
1155
131
1679
137
129
267
11
129
140
653
1164
132
652
140
324
206
648
1676
1216
1188
1196
396
28
229
1158
140
136
268
1165
25
421
1101
128
429
396
140
13
137
143
72
143
142
262
142
42
136
1162
269
430
520
1676
1160
142
268
164
487
199
16
528
1170
145
976
402
1168
144
464
448
656
214
1328
528
145
1152
120
177
1168
536
1240
690
146
17
256
408
1472
152
1072
144
416
16
240
48
784
144
20
144
208
176
1744
156
184
144
145
1433
65
128
1
1
464
661
155
1683
1153
273
1175
145
149
147
1424
128
159
914
370
17
178
1194
179
210
130
131
2
1270
562
144
147
130
1175
144
144
674
211
144
1154
128
215
1170
146
147
246
409
35
55
411
146
23
1175
1409
386
19
1105
3
1
1173
148
1168
132
388
1028
388
1188
388
772
1174
84
404
149
532
144
212
326
1172
68
150
640
244
54
1588
190
148
148
1297
668
693
23
5
400
17
149
1312
28
406
148
211
898
1174
147
150
158
564
150
48
147
1174
146
214
1046
167
150
137
85
159
130
151
721
662
157
153
25
144
152
704
24
152
28
184
240
177
152
1160
168
18
160
140
408
152
24
690
1216
156
152
16
201
19
169
137
649
137
153
51
696
1183
278
154
156
56
1154
1176
184
1171
404
1168
22
155
640
89
1171
409
399
137
155
643
404
12
24
158
153
1050
1230
686
157
16
128
1180
410
142
391
153
431
157
29
153
158
156
414
150
408
150
606
22
604
156
398
31
23
130
405
154
543
30
688
159
168
1056
1185
160
384
1028
160
692
672
196
9
416
387
289
160
160
34
1204
170
136
353
1158
200
928
561
1224
136
160
1696
128
160
1185
1159
289
161
1187
162
169
113
1184
920
41
413
1209
1188
416
97
433
441
193
178
418
1186
1442
162
170
1152
2
2
34
256
130
171
35
160
1448
272
96
36
33
1682
227
163
226
131
681
1074
673
675
1059
49
1473
161
138
187
235
1188
244
550
677
36
132
166
164
164
1057
1445
100
164
164
180
1456
164
1156
420
642
1056
693
161
69
46
163
165
421
652
33
931
21
33
242
164
678
164
166
1060
174
231
182
134
140
102
39
678
166
194
198
679
295
1189
47
358
1255
44
9
764
194
200
136
385
128
672
168
40
1956
168
418
672
416
1184
232
168
169
233
552
185
33
9
113
1194
169
233
1225
1065
169
1197
554
298
170
38
642
120
698
1170
1192
170
154
426
188
40
703
187
1058
42
54
682
110
431
162
1260
269
105
161
172
45
427
169
167
1189
1209
38
430
234
201
187
158
1158
300
167
1167
815
1252
1228
174
143
1208
432
1296
696
672
432
434
160
168
528
160
432
178
1200
208
1488
1168
450
1716
99
177
241
434
1056
656
294
1686
689
1201
179
51
499
176
177
177
148
164
418
182
1680
90
1026
144
162
403
176
1170
177
184
146
49
166
419
160
30
498
1179
177
186
1186
149
195
178
745
446
294
130
55
1204
183
52
432
60
144
208
188
214
244
189
188
183
1205
1328
252
1268
661
208
182
38
626
221
55
250
821
183
254
188
24
1072
442
56
182
288
744
1233
1081
184
1272
120
220
58
139
440
129
18
48
185
675
173
680
669
417
138
697
569
49
155
681
50
690
191
154
154
437
491
63
392
823
238
188
172
566
140
172
744
1343
1084
1209
188
28
126
702
686
910
1276
191
437
943
559
1175
186
129
1748
962
386
384
192
452
192
198
1258
64
64
448
128
72
196
229
192
1090
194
193
208
448
128
192
1145
205
66
192
192
210
64
320
388
192
225
193
1216
1489
3
1093
736
837
237
65
897
193
193
1093
657
65
65
6
85
140
135
193
1089
81
898
194
230
199
1769
1218
227
226
978
224
400
104
192
224
198
462
589
1154
194
424
82
353
1152
353
1091
389
395
435
211
129
1027
227
67
203
207
195
1025
455
5
706
132
708
1056
192
68
204
192
20
101
244
453
604
76
1157
388
198
1220
16
1236
452
132
196
196
964
32
141
204
1220
1248
172
324
740
725
212
71
231
200
69
1701
69
193
208
389
141
742
1442
1136
707
206
198
135
140
225
196
65
910
198
84
131
5
95
196
455
79
391
197
1012
11
200
201
192
64
1096
104
201
1224
456
1088
72
712
449
1224
736
9
489
202
448
1098
233
195
185
25
192
1601
521
1609
456
202
203
73
459
200
777
72
714
418
158
1226
202
714
1226
139
1178
210
203
714
1226
202
106
1738
1170
747
138
651
395
67
206
196
270
1037
204
136
1224
241
201
709
157
1560
730
1221
77
205
1261
165
197
68
903
230
206
67
84
234
4
142
72
192
320
720
64
16
1479
496
208
592
212
449
208
208
91
722
176
153
721
128
217
725
145
473
145
617
578
209
146
946
393
1156
18
198
1264
282
216
1618
211
226
146
214
192
212
465
1235
369
149
1491
724
196
1620
132
208
404
1094
728
999
124
208
628
756
21
980
247
579
607
593
215
80
658
145
88
151
210
246
214
1680
214
724
243
214
223
496
226
70
71
79
725
351
739
83
245
23
923
1218
216
200
1672
76
216
153
216
72
154
472
152
712
208
210
1273
89
472
92
1118
666
218
154
734
194
218
1242
202
411
1146
1432
336
10
216
474
219
223
215
728
219
238
1116
584
200
456
1052
141
94
20
80
285
212
260
1409
92
174
476
478
87
717
1231
988
162
98
1260
224
232
96
1217
97
96
242
225
484
224
144
736
737
418
160
200
209
115
1216
241
233
449
225
193
225
417
226
354
98
230
226
738
714
226
1186
67
483
487
250
675
163
482
226
227
103
164
4
741
228
223
252
100
192
740
228
100
452
228
420
229
224
1264
485
608
1188
100
1511
69
229
53
245
685
228
229
371
229
484
193
160
246
194
182
707
326
82
231
180
580
100
1253
102
246
1701
230
167
232
1216
176
160
740
393
224
1000
570
1224
248
104
106
1064
1272
90
104
712
739
1288
1209
673
65
233
1249
1197
744
226
224
488
1450
110
194
396
746
163
672
744
154
122
228
226
251
763
936
1772
492
74
484
72
1262
197
232
1388
77
237
233
1229
235
125
208
230
206
998
219
1164
237
239
1230
226
106
206
240
468
113
256
232
176
240
208
752
688
1264
1248
49
176
114
1136
240
753
688
179
177
663
752
243
1137
688
112
1200
1047
145
241
97
441
242
307
691
1250
560
226
746
178
1265
225
178
755
241
241
222
176
244
76
246
648
244
628
372
246
189
1272
1477
149
209
1269
1271
510
242
254
246
52
228
244
983
1278
39
48
144
186
234
760
120
1240
220
1054
505
1520
56
1169
187
249
505
1258
182
146
219
122
1784
506
216
238
138
239
251
860
240
956
214
222
702
1209
236
181
1532
1707
85
238
427
255
670
238
509
1531
492
767
31
397
256
384
285
257
362
256
274
0
328
292
1329
128
1802
384
262
258
384
1296
1792
17
257
1031
1312
257
328
0
834
18
450
258
323
1282
256
768
468
294
264
0
258
288
296
680
288
1280
1283
260
17
289
1281
321
449
267
565
296
86
897
1281
1291
129
449
325
8
256
141
67
517
193
1297
265
273
259
289
384
289
35
387
256
265
1413
355
258
66
0
258
338
322
386
386
257
2
450
290
274
1281
2
38
262
258
514
66
778
4
34
288
3
786
80
450
1178
1281
130
74
3
265
289
303
266
258
263
259
1315
338
1285
259
1090
403
3
1298
1347
787
295
288
268
420
260
772
260
269
142
292
2
452
1316
260
264
256
256
389
269
1282
1036
252
4
320
69
548
276
64
132
1028
268
452
262
1348
388
516
1793
261
1317
869
405
261
261
1300
140
197
1325
261
65
769
276
781
769
1
391
260
773
295
1303
998
6
774
262
590
802
391
266
392
1302
263
151
6
135
135
278
262
263
1
23
454
257
3
327
388
333
1287
263
791
63
277
263
311
7
309
1047
775
268
424
1792
0
776
800
1124
271
8
264
2
448
393
1410
10
360
1802
1024
1032
1292
264
268
284
425
329
790
45
513
264
9
9
129
10
333
505
1033
395
264
768
9
1
777
780
1417
265
1033
1480
331
277
1281
1316
256
1449
839
1469
265
265
913
312
314
1288
1294
803
66
194
1226
24
1036
1306
399
778
266
442
298
10
266
11
1350
384
10
847
1314
267
1323
298
9
1866
265
27
1353
267
811
403
259
300
3
257
1291
839
1322
267
137
11
275
299
267
271
13
300
271
212
1160
1292
1454
12
12
1132
781
276
1597
1349
69
268
12
1280
1352
404
300
824
556
1317
781
417
1197
5
324
9
13
399
156
301
525
262
687
1285
381
94
910
1287
268
782
830
414
1486
266
268
902
399
898
260
526
262
266
268
319
1795
263
1293
522
400
258
562
768
1490
284
272
1046
408
272
804
1280
218
648
280
784
286
272
4
770
256
48
433
314
276
1280
272
286
784
1808
5
272
337
793
980
537
1329
656
529
339
273
513
528
384
340
469
273
825
1
795
0
1330
304
97
337
1811
315
260
482
272
1794
338
98
282
1075
306
1360
786
338
282
2
1336
274
530
274
963
339
273
274
275
785
787
273
1409
331
1284
276
820
4
324
276
1340
276
23
900
1814
182
256
284
276
1682
852
308
461
256
1287
4
436
156
1920
789
372
404
276
31
85
287
277
21
23
205
341
29
1349
265
16
1285
21
87
789
389
272
277
325
12
2
426
790
542
320
1302
1302
22
6
662
1300
276
854
134
1299
1027
286
279
3
387
464
546
796
283
276
10
408
328
784
10
826
784
1809
392
344
84
472
312
60
1808
360
348
283
432
281
1304
280
280
339
288
273
5
361
275
282
283
282
410
266
282
258
408
796
1394
267
14
27
386
1875
19
313
67
783
348
126
162
392
284
170
404
285
444
28
60
333
828
790
285
316
284
317
1301
280
286
72
1342
284
78
1156
270
31
346
986
319
4
29
139
287
8
416
32
0
296
288
3
40
288
128
296
1336
832
1440
1456
48
384
260
288
1313
1315
353
1312
1
37
377
1377
35
96
96
33
297
320
33
289
1313
292
353
33
1441
393
809
1280
425
256
673
1
464
33
814
289
353
1057
353
1314
1825
257
290
54
258
626
258
434
354
354
139
160
289
162
1078
448
289
290
418
3
259
35
290
311
1
289
354
262
289
35
297
435
379
259
1154
47
36
289
312
804
1060
294
32
188
1281
420
1440
388
804
1284
260
1317
308
1288
304
420
830
132
804
1318
295
292
276
294
517
32
1324
33
32
437
373
821
5
353
1633
317
21
1341
301
1319
1380
12
365
326
1122
358
294
310
294
298
38
1574
302
402
167
782
1075
295
774
295
1447
301
375
295
775
295
391
1333
426
289
298
430
360
232
496
288
1708
300
376
285
312
409
265
441
425
1864
417
297
36
1445
298
299
266
392
866
362
302
1290
427
266
299
618
42
313
378
298
290
306
1802
170
1376
3
377
907
394
363
1323
313
99
32
1324
68
1416
1572
424
812
292
188
301
429
33
133
1029
77
825
357
291
807
1404
813
54
295
1021
309
558
894
1086
38
429
300
142
298
54
1445
317
303
813
309
306
1040
436
16
432
496
288
440
816
1457
814
976
48
310
810
49
1393
305
297
312
309
1328
309
344
0
305
343
1296
368
258
310
816
314
546
401
306
296
306
40
162
418
306
35
546
306
307
566
575
389
84
119
1333
308
437
32
324
336
308
1393
277
881
301
17
561
1877
374
146
1335
260
278
884
54
338
318
272
1310
1079
275
302
307
503
319
935
1461
12
60
352
553
376
41
1453
266
168
1320
25
56
816
184
1060
41
272
25
1395
435
48
312
377
313
257
28
301
1049
170
824
123
314
303
1210
58
58
954
256
304
122
306
1320
1471
1331
315
435
51
310
404
61
318
62
282
565
1327
572
302
316
56
284
477
57
312
380
923
806
306
309
143
281
1119
443
321
320
289
84
320
352
356
320
1376
320
340
0
836
352
322
384
837
64
320
1482
83
324
448
277
325
960
769
961
833
1345
257
325
73
337
336
321
836
352
81
47
321
1416
5
321
457
1349
321
1376
449
610
102
322
258
1315
290
1347
514
1090
98
1602
1347
1219
320
448
14
834
866
842
322
16
321
262
339
291
1349
834
323
835
266
347
323
323
278
64
342
774
336
326
1476
378
580
325
320
452
1398
262
1284
1352
324
1858
366
324
257
1157
325
65
1397
260
461
848
576
196
261
334
321
580
325
83
727
321
37
458
1378
490
70
326
1350
838
342
257
258
261
1391
328
333
854
263
77
295
775
1095
327
838
2
1475
1352
64
384
257
640
72
352
1352
348
265
842
1861
320
330
8
266
366
376
328
256
1352
872
1082
264
265
265
73
1361
1353
333
360
257
377
345
43
329
328
707
345
489
450
1354
326
451
72
330
268
74
1512
459
75
328
1642
140
332
1484
328
461
72
76
333
460
846
328
847
1383
365
329
1355
491
334
270
1871
458
1374
334
332
1094
298
327
1356
14
1390
78
1294
263
79
327
364
90
576
80
336
64
1296
464
272
1286
1361
272
1192
580
864
376
465
849
1489
320
339
1874
836
242
1872
273
1361
400
320
338
1874
337
321
785
337
325
89
351
371
461
1296
1360
321
85
592
468
337
980
177
337
465
1041
1409
349
82
340
466
338
82
80
338
80
322
406
466
342
283
325
338
1329
1106
1347
1361
823
282
83
1526
337
259
284
276
384
341
196
404
336
477
260
337
854
320
372
321
980
340
340
57
849
597
1373
452
85
849
836
454
627
278
278
94
306
262
470
1028
74
339
882
1011
247
542
338
1109
276
968
592
338
328
1340
283
323
336
340
74
337
833
208
336
373
414
473
1017
1373
891
205
1297
297
322
344
286
1369
90
450
376
859
278
24
1874
1624
274
345
362
347
43
351
350
95
347
371
268
1793
332
76
284
344
856
24
509
1104
837
861
265
63
1183
269
365
286
838
374
472
508
383
286
1402
27
31
926
351
335
1117
349
352
352
358
416
1396
872
417
352
352
328
892
864
64
300
1332
320
416
993
1120
866
1357
290
64
32
608
34
1376
353
297
357
256
865
505
353
320
1443
121
833
356
321
1250
490
338
868
354
1400
352
1376
1400
1218
120
34
1126
884
962
362
1378
114
324
1121
99
1347
355
1331
771
323
364
1340
356
292
116
200
276
357
112
1380
364
868
324
1372
484
1380
322
324
356
380
101
277
486
381
357
261
99
97
1389
374
837
352
323
318
327
866
1062
352
375
38
326
359
359
487
1127
775
867
996
326
494
99
311
316
1320
76
296
484
456
96
362
264
360
360
808
297
492
422
864
1384
457
298
361
1417
353
1384
258
106
418
296
83
334
366
1134
106
363
367
361
1390
107
125
275
1149
683
323
847
301
332
1352
842
100
104
312
68
1004
204
365
345
173
100
111
362
423
268
366
298
342
1388
813
359
880
496
496
288
1016
368
369
304
1376
336
352
496
496
380
306
304
1056
308
546
344
288
327
368
854
835
625
1072
336
1136
373
1137
1377
1297
368
464
1362
1010
465
306
802
890
371
375
374
368
98
883
355
1847
314
595
115
1139
358
635
112
276
324
304
340
340
336
369
1908
894
502
376
383
377
373
789
1948
349
1397
1394
894
278
372
119
374
123
119
884
375
1383
375
369
1504
312
440
377
352
376
1050
88
121
1017
56
314
480
381
53
505
361
496
378
383
858
366
1458
352
304
1467
500
110
26
363
626
123
1516
894
308
856
477
312
309
89
894
440
506
326
1799
317
375
310
376
128
976
264
384
272
1412
962
400
1408
258
264
416
440
651
192
1200
384
640
384
904
384
776
902
400
384
272
1472
144
326
800
392
1025
1925
128
899
385
385
387
449
1881
931
427
896
1408
1281
256
1416
279
395
272
385
193
401
402
931
138
258
146
130
706
194
390
256
386
386
390
770
1170
386
394
387
1184
1187
384
392
130
1410
642
816
1426
915
407
1283
643
1432
258
391
419
267
385
771
384
324
1412
1508
548
400
397
384
384
136
404
260
388
1414
260
259
396
468
132
1408
1942
2
132
393
385
68
429
387
389
709
385
1429
901
481
1285
397
389
133
1300
1159
421
299
390
134
398
236
390
256
258
134
130
258
901
167
134
901
391
455
813
390
453
391
1408
146
193
768
396
392
392
1452
456
696
408
392
428
136
1160
216
426
392
456
424
24
904
1988
648
412
396
411
137
141
393
1425
204
409
271
393
921
1482
394
942
398
203
395
424
1162
138
266
268
903
10
1002
1962
394
398
467
907
1163
787
267
395
14
397
476
1165
896
460
395
396
392
128
300
1452
396
392
13
453
401
1429
1291
902
407
136
394
140
1196
1415
399
389
1418
394
666
144
276
404
272
144
18
148
1432
412
400
1282
305
384
1437
600
480
926
660
288
1408
135
384
283
464
1429
408
1177
785
1408
257
400
209
400
283
1288
1291
400
976
178
1431
803
266
1170
474
1014
410
2001
395
914
434
281
274
406
131
147
129
1408
281
339
1427
147
1460
20
228
436
404
244
1105
1488
388
340
276
400
272
156
400
913
151
473
1357
405
155
407
917
277
949
285
657
405
1468
595
410
983
919
408
1412
279
436
721
338
454
477
404
438
1959
262
406
195
791
214
147
259
3
396
412
392
398
683
152
474
408
442
152
264
152
216
444
88
280
157
433
541
409
1593
1437
409
152
402
1050
468
400
156
136
634
129
411
1939
927
443
409
1531
411
412
1432
138
172
281
1933
312
268
391
444
433
1421
398
398
916
414
734
1703
651
134
426
400
1444
384
224
416
1504
228
384
256
768
1186
386
160
416
1024
289
449
1456
427
940
293
433
417
425
418
418
1442
426
274
931
1315
686
1456
290
419
904
422
418
1282
428
14
1316
416
1449
427
929
163
931
948
405
1444
384
36
390
424
420
420
823
388
934
256
133
420
942
420
432
1446
188
436
32
420
301
420
1397
421
40
2029
1412
444
578
180
484
1414
806
38
422
1942
1381
486
291
389
431
39
776
426
420
425
164
426
956
424
408
172
424
810
416
813
904
929
1441
440
489
294
426
170
426
178
1193
1704
170
936
266
811
511
267
421
170
188
293
492
428
932
1928
267
253
110
425
174
302
682
442
1464
303
1199
395
134
432
56
316
289
112
407
1317
488
1440
435
181
418
177
224
425
1232
145
376
1456
433
688
497
177
290
305
497
50
1976
178
43
178
466
378
1447
439
1936
1443
403
355
149
437
1460
190
405
438
180
407
388
948
435
368
349
1445
692
277
1462
302
502
432
1446
439
435
311
103
149
1400
408
500
824
312
953
58
1713
1416
944
153
1433
1288
441
168
401
313
409
424
1456
1257
346
500
177
641
313
442
883
181
444
404
446
409
176
1445
441
252
1285
1470
314
318
447
430
382
1375
1449
431
450
130
450
330
384
960
34
240
1952
386
448
707
400
480
192
1677
1408
960
320
362
256
480
224
205
453
473
899
193
419
65
449
465
387
1473
346
450
130
1488
398
128
192
339
962
326
387
645
243
321
466
199
915
1417
658
451
387
321
1227
196
452
325
676
1788
482
68
196
322
1388
1920
709
965
384
484
717
457
402
194
450
454
366
454
454
454
842
458
771
964
387
450
455
454
160
106
460
297
1352
328
394
457
456
1352
217
472
233
281
200
200
328
458
522
138
474
1480
222
474
331
968
458
506
462
354
907
203
459
491
342
1355
718
460
136
1921
110
140
206
492
204
1356
406
422
463
273
348
461
460
145
396
332
444
452
1132
332
466
1006
494
1518
47
1503
490
216
456
976
408
464
486
1424
340
468
80
248
464
278
640
320
401
1488
403
468
662
1015
913
115
337
337
1344
453
453
458
209
466
468
274
610
592
467
1363
451
464
724
469
468
336
380
1476
404
470
1780
149
465
157
721
852
281
97
385
453
279
404
1281
461
469
718
470
902
470
402
199
471
223
212
1044
212
217
448
1496
464
732
138
1008
209
457
345
1117
465
272
1242
338
346
450
474
463
281
923
1501
494
927
1996
884
863
92
1244
453
215
350
1486
399
284
1499
473
460
475
986
479
1346
323
354
660
480
420
704
384
1400
832
228
488
1000
674
224
358
176
480
417
353
1249
995
929
1405
353
976
1312
969
481
946
417
1010
482
486
479
354
674
1154
1387
483
451
495
492
880
225
420
866
484
492
368
2030
821
997
485
295
1509
197
325
996
481
501
470
390
994
1258
47
227
982
487
355
615
483
855
199
240
327
236
1514
106
480
1416
169
508
455
728
1023
1129
457
1260
486
426
452
811
993
427
459
1251
408
968
320
237
461
44
429
2028
1388
105
253
301
683
490
943
974
494
359
496
496
222
992
496
488
376
224
16
402
501
241
509
822
806
466
210
946
987
498
482
339
990
1527
503
204
756
116
502
510
502
487
1380
1894
464
176
880
312
1393
234
441
633
482
498
250
1006
355
480
319
323
503
281
253
504
476
500
236
500
252
461
380
472
445
230
347
568
452
242
495
585
577
1536
576
514
528
904
675
520
529
768
768
512
1540
596
640
4
576
0
1537
8
512
100
530
516
1668
1
1552
1836
552
513
576
2
128
656
580
640
802
576
641
48
1032
545
32
512
641
512
67
650
1568
1793
769
1027
27
513
1609
1600
1281
577
1025
1921
521
513
521
519
65
513
544
515
1029
1541
641
512
1
281
513
273
545
513
1794
577
905
529
514
1666
131
13
643
2
520
518
1610
646
0
266
580
1795
704
582
1674
518
134
514
515
610
579
1539
1571
266
17
1283
539
1719
257
779
1539
1931
898
545
545
547
33
720
6
513
530
1541
516
580
772
544
516
788
804
1540
514
52
514
728
1568
518
678
596
294
516
1060
788
1280
132
1540
1543
512
642
517
2
614
580
6
772
597
1573
773
964
85
550
512
1548
677
517
553
597
13
709
591
513
644
653
577
516
602
622
647
528
512
514
642
4
516
518
614
648
774
1026
4
534
718
518
516
518
583
599
87
263
3
1030
779
517
22
552
1
216
1544
832
734
1536
512
632
1624
137
8
536
648
523
672
1536
584
588
8
520
1536
552
768
652
1577
1033
1869
521
649
581
536
523
561
132
528
648
103
522
264
1
521
832
666
1864
667
522
1050
558
838
522
522
139
538
538
780
522
522
526
634
520
650
778
514
1770
522
518
1579
776
1546
512
514
521
649
527
765
522
543
521
666
776
514
779
585
3
771
527
513
651
520
908
4
589
1574
44
1548
136
652
268
1560
4
24
516
668
520
652
548
524
828
1576
1807
513
525
525
1230
525
603
781
732
4
517
565
541
1616
517
1066
542
15
366
74
546
2
518
590
798
74
775
686
1038
604
350
910
554
1996
129
525
5
521
520
1540
517
1797
800
20
661
562
784
532
610
530
980
548
529
816
784
16
533
49
84
5
528
1664
144
790
528
528
528
530
1849
1792
537
528
152
529
95
561
771
768
512
902
521
1104
9
185
1040
581
677
528
9
530
643
658
578
542
530
1364
530
594
26
538
976
600
51
578
26
512
1032
64
594
674
516
520
850
528
258
566
529
83
18
897
19
531
643
1555
519
594
595
531
1554
531
529
579
277
514
1683
512
784
16
262
404
598
533
1205
272
646
1588
534
528
515
534
797
836
532
564
1040
293
84
20
897
642
22
789
524
61
531
132
549
837
532
1554
21
830
1564
564
242
540
1814
662
30
1110
1542
641
413
790
19
213
535
531
662
1764
534
535
531
527
581
534
1549
1608
606
778
607
1541
536
532
152
1552
280
696
61
104
1560
776
568
1802
603
633
1538
664
798
563
528
1552
57
521
600
1553
541
664
665
536
561
83
666
1041
537
21
1945
1689
536
541
769
157
11
603
1878
1552
1626
922
539
538
1866
794
649
1112
347
1822
1018
665
537
826
523
745
1820
1550
515
537
603
563
1165
605
540
512
28
4
797
541
912
1948
533
533
1821
29
29
1641
827
537
1823
1241
1541
539
670
1564
536
519
564
1078
94
540
564
798
1436
670
1567
991
155
782
1561
543
1599
673
804
626
556
672
517
544
1056
769
801
32
296
544
618
588
528
50
288
1088
544
546
544
566
49
544
1377
545
65
1696
357
1569
1033
521
610
301
640
680
99
805
33
177
11
1057
817
691
544
1667
288
514
546
546
562
519
1066
546
644
546
34
554
514
1003
34
546
521
1632
1571
551
529
515
171
35
1696
67
515
515
561
608
612
548
820
556
512
4
6
529
740
1572
162
580
48
4
517
524
117
1045
809
609
1
69
515
614
549
519
805
1697
46
546
548
562
550
614
518
550
674
675
546
679
1564
544
1699
38
660
738
558
517
550
1571
567
1575
1030
38
4
679
551
778
520
73
778
1576
544
1064
514
106
600
600
1808
800
616
824
570
554
552
1578
713
169
297
553
776
808
1592
554
34
554
520
942
610
1768
555
1322
547
555
627
1582
546
648
555
299
526
170
617
619
43
105
619
573
524
1540
808
14
62
44
1573
556
808
1596
701
681
548
121
551
556
533
45
10
554
708
46
14
902
6
558
546
1582
102
1071
523
553
831
1567
639
1583
650
540
523
560
1584
784
560
572
1712
1556
112
560
40
48
516
568
560
532
560
683
769
550
51
609
528
818
49
17
1587
688
1553
562
34
18
1714
1058
48
562
694
1714
563
827
16
570
568
690
563
41
1595
50
533
1840
1851
562
1587
54
544
516
1060
48
564
1840
540
568
786
548
564
548
1556
814
532
565
533
549
1073
613
549
565
884
574
534
566
1556
566
606
566
54
36
790
625
759
1591
561
1863
743
565
694
518
1564
636
168
56
120
544
185
545
17
1081
569
569
379
701
105
27
296
1782
2
34
48
1834
554
602
824
43
27
571
1843
242
569
16
628
632
1148
61
575
548
57
543
525
808
126
701
813
869
574
558
60
826
670
670
47
63
574
576
65
194
512
1600
20
618
512
714
577
1090
192
1604
576
838
1602
64
840
650
1121
544
580
66
832
584
584
513
709
1617
833
729
25
513
513
709
69
581
1088
593
97
1296
1
1089
65
577
591
193
64
601
576
601
103
577
592
786
576
577
1089
1856
594
35
518
512
722
66
770
579
706
584
706
1730
2
1618
1643
1539
534
1728
579
548
578
549
835
753
581
578
563
71
2
577
0
512
1539
194
65
1538
515
707
579
736
113
590
836
596
581
582
592
612
805
21
901
964
4
1
1156
20
180
628
592
516
585
613
580
1668
68
660
612
4
1540
596
709
613
71
85
543
581
580
76
64
549
613
69
834
519
838
614
1270
70
228
582
582
582
1604
518
518
202
582
1606
710
599
579
1758
590
719
83
599
719
583
615
1091
579
67
704
704
584
72
1536
64
584
1544
712
576
522
584
609
874
580
1632
521
585
617
1032
513
1665
622
333
64
585
592
1733
1132
584
1992
522
586
1642
770
587
523
1870
522
522
586
10
520
1097
1562
73
527
587
554
585
559
590
588
73
516
12
1628
576
588
716
780
588
584
1548
844
1740
1740
580
44
221
965
590
1604
590
606
76
1643
603
972
834
334
72
206
517
729
79
521
582
127
237
597
843
623
720
1873
578
600
1860
80
805
563
1600
584
784
582
1472
596
656
208
336
1552
1844
528
240
82
56
602
71
521
93
593
592
593
95
81
641
81
882
1616
577
529
627
1683
1104
594
662
1106
1632
1546
593
594
658
1874
82
530
594
2
594
842
81
739
667
859
531
595
705
1106
833
593
531
1109
1633
595
1618
68
592
84
564
784
630
4
597
772
773
950
628
1652
85
592
595
596
372
529
645
689
596
213
853
1301
605
581
258
530
614
1558
85
759
628
530
585
727
631
583
595
86
1944
601
601
632
4
600
108
1689
584
600
593
577
594
51
729
569
600
729
537
1601
1753
600
849
713
1858
1624
664
605
337
222
1626
858
539
600
202
218
606
730
635
1886
24
603
731
600
600
836
544
597
536
764
588
348
1944
733
597
596
341
1503
1627
601
600
668
77
604
118
726
622
1372
668
543
733
847
525
1648
609
1952
96
592
832
608
1605
868
608
576
544
564
546
708
784
808
737
865
585
737
545
833
705
609
603
1601
97
105
581
610
561
624
546
1641
586
99
128
122
608
618
802
290
370
3
723
1634
611
545
99
1123
739
611
83
556
629
544
549
101
548
1060
612
581
68
708
545
612
96
639
548
96
1712
617
621
1248
1125
679
101
742
596
550
810
102
550
38
590
1908
577
613
230
583
519
1641
808
618
736
520
74
1636
1901
552
713
12
1642
616
648
32
716
608
620
584
616
572
1641
120
561
617
41
73
1632
107
96
617
1665
620
617
1600
216
586
555
618
32
619
1550
1000
586
617
554
746
622
876
630
636
620
616
613
588
37
1610
582
609
622
962
254
622
623
124
819
871
583
558
815
16
593
977
624
60
1840
424
624
880
248
601
747
624
865
49
97
1609
664
369
609
627
1649
1648
1744
626
1650
636
1074
624
1914
114
563
627
67
624
852
565
582
104
800
628
358
760
637
632
676
726
604
1790
717
1653
724
629
1621
614
562
118
512
573
850
597
630
1637
628
631
632
872
89
377
568
589
1593
1896
1649
825
1721
564
1648
1656
1130
218
1642
682
680
858
1912
635
638
624
594
697
1633
444
939
616
189
1610
1878
620
76
124
569
1661
1756
633
893
638
30
855
621
107
1006
1536
8
452
736
712
1172
896
944
512
640
517
708
640
1154
897
648
384
512
512
1697
665
1741
642
512
648
932
648
527
129
1681
387
387
716
641
576
641
1937
517
769
1667
3
517
617
137
641
707
644
642
819
1667
528
643
736
192
898
514
514
518
978
646
642
1947
714
514
1664
521
1162
131
933
563
131
1665
907
651
643
672
385
662
0
65
516
132
391
645
84
772
612
916
656
926
1701
1796
173
644
1669
645
1668
70
1221
1669
169
933
773
141
389
913
645
916
6
646
652
5
917
13
647
581
654
646
586
782
640
1206
686
644
10
646
390
130
130
654
710
326
386
5
163
439
647
739
647
1672
1688
844
140
684
40
896
168
520
713
128
521
716
732
664
136
137
561
584
10
426
669
1169
650
673
649
520
674
681
1545
521
664
552
650
207
540
1675
655
518
696
159
707
515
531
1546
651
910
675
199
667
195
25
651
522
652
652
764
396
512
204
516
172
589
1974
646
908
644
524
136
596
685
524
153
521
783
525
749
653
813
285
10
1154
1678
908
100
964
750
654
653
911
1751
142
704
913
656
641
148
144
704
656
688
752
306
144
948
656
640
21
128
401
644
642
529
176
214
464
656
664
1712
640
193
977
1681
657
1937
1235
1941
1169
53
209
217
530
658
82
1168
147
144
642
528
898
898
657
659
562
530
530
643
149
1650
519
695
246
819
515
149
130
208
227
531
676
4
604
1746
708
517
1676
1157
1565
629
661
1584
1204
665
533
21
181
1621
565
148
661
693
533
540
668
725
988
92
646
658
670
322
530
694
662
723
286
658
1038
147
405
657
23
663
640
144
664
665
56
1560
136
1688
92
1755
721
5
1034
537
921
512
651
761
670
664
658
666
152
694
154
440
650
1562
650
1659
155
667
25
656
956
926
876
653
176
140
1694
536
535
728
664
728
700
1684
925
659
697
140
652
665
1646
1694
516
606
534
927
655
667
671
783
640
680
1664
738
866
992
647
752
808
740
866
160
1780
32
1568
35
736
162
688
545
389
673
689
131
673
693
1699
961
549
689
945
672
672
1609
673
672
688
440
162
160
994
416
166
675
1590
178
517
547
111
650
643
811
1186
699
547
1699
699
560
677
676
676
645
548
182
672
1012
572
672
676
133
1
1701
645
166
38
546
517
694
930
674
674
934
964
165
130
643
702
676
739
551
1936
951
167
680
632
1706
1704
680
736
552
672
672
108
552
168
680
168
700
1704
40
648
571
1664
1576
235
649
641
1211
682
590
673
650
698
931
680
552
680
136
1571
683
551
618
1802
751
813
142
2024
686
204
164
557
668
172
812
173
1776
652
684
676
745
168
644
135
750
1710
710
682
44
392
1966
654
1966
558
174
682
683
1167
551
170
1770
743
444
686
624
1746
1010
1840
1202
664
689
568
688
544
696
568
1808
922
144
136
695
897
1688
673
624
561
721
465
739
1779
1705
1922
944
696
688
180
672
658
563
691
658
931
640
183
1974
1968
180
624
524
1716
700
645
692
823
661
1941
659
701
564
672
696
662
148
198
1174
1717
546
148
567
660
694
690
694
694
659
150
183
567
631
693
696
699
696
570
184
952
762
575
761
953
697
251
553
688
690
89
1788
546
249
698
683
683
44
703
1925
248
932
702
44
687
245
688
643
1214
684
954
639
177
1740
578
1729
600
193
708
664
640
608
705
753
736
672
960
705
208
512
737
968
712
705
513
713
705
705
704
577
1218
517
517
129
717
673
193
992
707
726
1627
1744
1986
964
578
730
962
968
74
642
962
752
1826
1614
544
1506
199
598
579
706
643
750
590
132
1696
249
1760
612
708
196
716
708
1762
742
964
960
228
704
1109
645
1760
708
727
197
1748
716
709
134
899
711
899
964
709
194
711
1095
709
999
679
712
728
1672
14
706
72
744
1228
1610
1740
712
616
1164
1864
137
1227
193
107
705
985
2029
1736
713
225
717
738
202
526
706
522
10
603
74
712
590
714
704
842
206
643
1739
1731
739
11
577
761
619
715
755
707
643
718
1676
1736
653
98
491
644
702
718
652
652
9
717
589
717
585
1005
1737
653
706
716
974
198
1738
1004
1743
1223
24
208
724
720
1820
176
208
1944
707
1745
1729
657
560
721
213
739
1778
194
914
836
722
1810
722
850
83
1879
723
723
1616
1170
720
580
596
1872
669
644
740
723
1743
143
981
212
756
733
1694
727
144
742
984
486
534
193
647
967
147
660
599
1628
460
194
1680
536
1688
730
1752
208
728
777
73
730
969
181
720
577
1609
409
593
728
754
450
20
734
731
1560
350
251
537
657
427
1755
1691
860
156
1629
574
668
973
718
710
714
727
32
674
251
1736
224
1760
1697
170
740
546
610
738
1888
753
481
165
33
612
675
1257
609
1633
864
993
737
738
838
706
976
738
146
610
166
578
749
647
1633
755
418
164
750
580
752
708
709
737
740
684
1253
741
741
743
613
622
1634
550
997
736
999
616
880
1728
480
104
1226
248
1785
193
97
233
1512
750
362
762
715
227
1771
1601
1767
523
2020
1704
492
1260
748
623
637
1677
45
73
615
1774
714
494
623
751
624
1744
644
752
754
1752
860
688
736
48
240
849
880
945
1761
1017
243
594
755
738
628
609
753
632
468
759
762
756
1019
1785
765
1252
1768
228
991
743
242
1778
999
760
944
248
730
603
698
184
232
1973
499
890
1974
1786
760
748
575
992
733
765
125
1790
894
2046
734
1796
512
512
768
320
256
896
896
688
834
256
1313
900
770
896
264
640
768
256
512
578
96
816
770
272
768
514
416
928
769
640
400
769
8
1921
768
773
1
769
821
833
0
577
836
834
769
513
554
1928
256
513
647
1793
810
1408
774
738
1796
1794
778
858
1810
512
784
1794
898
770
771
18
75
258
800
811
519
361
259
545
802
595
1
770
770
259
1819
1793
1795
273
276
1313
900
902
768
260
768
580
780
518
774
905
388
774
582
577
1805
789
773
705
838
804
838
839
768
534
1548
342
1670
774
783
771
523
773
438
1319
772
654
537
896
1545
544
914
1796
779
1288
834
792
265
345
792
1801
1489
329
521
779
169
853
601
8
841
553
901
394
776
298
834
3
313
266
1292
906
264
810
279
522
872
841
779
587
555
259
3
779
779
778
815
898
1822
28
1550
588
780
909
1928
798
780
776
256
264
1692
780
1805
780
781
773
839
1932
781
781
845
268
957
782
1318
908
783
778
1302
902
591
770
295
47
844
407
397
934
783
783
906
647
432
560
786
1808
946
784
538
1956
656
784
772
784
112
788
913
912
1301
1552
785
325
785
857
561
827
793
816
913
406
769
274
848
774
792
306
786
515
1000
2010
801
1681
787
1283
771
275
821
785
907
19
534
914
52
1608
1940
1284
272
789
304
1844
850
784
780
1840
880
774
1940
789
1796
821
1296
325
790
725
272
1878
964
1300
278
900
530
1815
599
946
788
262
788
1812
821
799
1815
308
823
789
407
279
1553
685
776
905
792
792
920
776
24
912
796
792
256
667
793
780
1945
305
793
24
817
1853
291
1818
792
795
535
786
826
1807
2011
1799
794
284
796
797
796
671
1820
925
2012
273
797
924
797
845
959
1649
1821
261
777
1809
269
732
542
22
1470
1886
922
542
782
795
1837
884
800
864
1962
995
940
416
1824
801
864
800
34
808
544
817
1120
804
388
928
800
1826
768
288
1600
800
512
770
804
776
1416
546
1633
1313
1569
1380
545
801
1824
293
801
896
889
545
561
417
257
673
41
817
297
39
824
786
866
1825
290
802
818
1856
299
803
819
1795
547
555
1281
787
931
1064
865
1688
928
36
135
544
260
804
548
256
804
548
773
869
1541
547
1952
548
869
806
902
774
484
642
800
514
1959
807
931
8
925
775
952
808
810
1897
1804
682
1798
1536
802
416
1320
780
1468
521
1804
297
808
864
104
1897
932
296
553
641
810
809
552
553
768
815
1317
537
817
393
56
810
778
1006
806
808
1315
298
515
945
783
872
315
41
264
525
1288
864
812
808
804
302
44
841
808
809
609
142
778
815
1574
1866
318
302
826
818
827
801
639
553
1904
1816
664
1844
816
816
820
1840
304
544
48
792
48
611
1973
816
1844
1824
88
880
772
944
817
1361
811
529
817
1844
310
818
770
787
283
822
944
1558
791
562
802
1459
817
804
533
1314
787
273
820
624
804
820
368
532
1009
932
1074
1956
846
948
295
565
946
885
1918
813
818
672
294
799
1798
1828
822
38
99
1840
952
864
696
770
890
784
816
809
297
41
1577
312
569
554
636
796
296
794
271
51
811
952
380
567
828
956
916
792
1813
824
813
796
821
663
830
935
910
830
894
910
62
1855
832
588
1608
896
332
770
1876
840
832
520
849
368
1345
848
608
597
596
337
260
1857
839
320
224
834
770
321
772
577
833
833
512
657
1869
841
835
579
545
850
522
323
1554
836
1651
1865
835
794
709
1538
146
770
779
450
779
576
1099
770
771
1478
1878
1828
972
846
834
844
844
577
1888
838
256
780
836
583
832
836
1616
837
909
837
781
326
1632
1795
838
198
198
846
322
1486
1858
196
1999
838
579
1559
839
1863
1991
1984
585
1832
920
1865
841
1346
840
1801
844
1864
968
266
1004
835
808
845
840
1545
781
841
850
840
846
834
986
207
843
847
479
857
16
12
836
773
72
844
844
834
524
536
877
837
345
849
862
1645
322
782
926
334
394
858
781
1934
856
272
834
856
792
784
568
912
592
592
465
340
850
305
626
842
66
1377
114
80
336
770
965
864
882
788
450
880
338
795
775
791
17
260
342
465
342
340
1860
1012
598
1396
768
1873
981
869
853
860
853
19
884
1558
1302
1474
468
831
885
601
343
985
378
248
984
593
857
345
841
1481
985
121
368
834
858
889
859
2010
377
1625
1818
380
25
261
852
796
1872
860
1820
605
622
783
501
607
608
868
353
352
864
804
866
353
992
872
1000
864
1888
869
549
869
613
1005
833
117
881
851
1889
866
320
834
867
866
2026
946
328
963
16
1866
290
1899
354
866
1858
867
1843
867
928
998
614
612
320
866
833
992
852
996
101
545
33
519
964
69
821
1892
519
875
327
838
549
164
870
102
870
960
804
1856
616
856
1896
360
56
968
937
812
873
777
352
813
938
1354
362
938
570
347
265
843
619
99
622
1868
928
236
869
1004
884
877
1117
877
2025
875
800
334
268
302
870
875
1904
16
1636
1396
304
1904
368
880
620
849
633
626
601
145
312
1905
881
868
769
1890
1074
882
1002
275
882
1010
835
466
362
561
882
883
883
882
516
884
468
1013
884
884
884
16
882
1912
380
756
876
628
639
852
1397
885
631
887
1109
853
884
610
850
534
854
626
309
821
1843
825
960
1906
777
872
945
849
1800
604
827
1097
1785
888
2019
618
1402
880
811
890
826
1976
638
1580
568
1852
1788
796
956
637
620
361
763
949
1083
620
379
868
892
559
386
1152
520
824
896
900
417
914
898
769
1408
1952
392
1940
424
256
640
776
896
1968
643
784
905
1924
659
435
673
913
913
128
417
897
265
1
528
936
737
897
1155
779
904
640
451
658
898
900
898
928
410
646
1954
915
195
643
915
722
931
455
35
833
1027
553
915
897
901
899
644
641
133
913
768
448
549
964
388
519
935
402
919
1925
659
422
772
400
782
262
1804
776
918
646
902
1934
1410
934
779
406
990
525
776
904
536
450
909
1944
1440
1929
904
266
968
1408
464
896
1929
169
664
907
649
665
440
1289
905
913
266
522
1418
903
666
280
942
650
651
1414
998
473
911
777
130
648
11
795
1759
972
908
910
644
70
906
924
780
261
646
1924
708
388
1900
907
909
128
780
653
943
641
780
777
973
1942
782
927
662
442
414
908
777
909
1415
642
527
176
432
1932
1792
656
1942
1924
659
960
452
404
929
537
535
401
1943
786
833
433
913
912
1969
416
1826
977
897
896
923
658
978
273
946
666
918
914
914
982
1938
706
902
1795
921
401
643
1923
404
818
1971
945
18
900
948
2004
775
1932
150
341
306
660
980
1425
900
784
266
917
391
927
691
279
667
412
825
796
411
912
1016
152
1929
281
1017
442
792
906
392
925
572
923
1939
667
287
31
387
924
1172
845
780
1933
981
925
925
916
918
398
943
979
351
800
937
1954
1408
176
658
825
814
936
928
736
1632
416
1824
161
897
419
783
296
897
641
737
868
931
644
419
928
1318
930
802
680
936
1954
1962
963
1954
1014
914
1443
417
419
1955
35
935
948
644
1697
774
416
804
429
800
164
853
385
932
945
931
900
900
438
38
929
775
951
901
1983
902
1896
608
937
1961
815
428
952
744
1016
688
937
937
938
672
793
939
804
278
866
938
906
942
682
1964
160
1962
530
938
138
899
553
427
939
815
776
491
820
812
444
396
421
1825
940
746
676
1022
1950
1971
1929
1006
928
928
2025
916
180
1016
1952
433
917
785
912
947
1015
946
631
931
1713
1671
1005
948
830
416
384
437
800
1948
439
402
695
1942
1752
1626
952
690
680
944
2040
1305
957
225
755
949
831
959
649
1427
955
922
826
395
1469
507
937
948
692
732
1524
1972
540
828
682
793
701
813
826
825
799
831
576
960
448
448
720
385
1761
452
192
960
704
324
705
17
977
983
483
993
1926
897
585
960
857
385
345
914
836
960
706
1992
898
742
1366
962
967
706
738
1216
962
962
294
964
900
836
960
996
964
854
785
1013
900
1870
998
258
498
770
471
962
935
463
815
453
839
1007
582
424
284
776
904
542
904
652
968
616
1416
1002
713
713
449
448
985
585
778
494
858
842
1002
912
457
475
655
451
901
140
1484
1693
1416
1004
408
1901
981
832
1613
961
974
1930
1998
835
207
464
976
448
866
784
656
480
720
208
2001
1986
325
981
401
405
2037
1233
977
2009
978
978
1619
1506
1498
1986
502
979
1526
1010
723
995
883
803
656
729
596
913
629
2002
470
199
1981
854
648
912
712
1017
1753
464
281
1722
582
401
1944
1950
923
890
849
1931
984
270
254
720
1880
1988
604
607
1021
909
2029
920
414
735
223
1472
960
704
690
932
738
944
352
940
1000
513
737
881
713
489
585
1664
994
2026
1699
679
803
1011
739
324
900
995
740
884
960
453
997
965
941
453
998
981
998
334
870
999
782
686
742
1510
100
1511
439
483
435
809
1704
1992
553
1965
873
459
1006
970
994
251
874
460
460
238
428
613
244
1007
461
876
906
848
944
866
1008
976
1968
817
1848
225
1909
497
915
1857
2042
754
976
502
1011
1017
1015
753
219
760
1019
1011
980
1361
485
1492
988
726
631
726
978
949
759
1496
1001
760
945
202
1019
690
732
956
1005
703
1534
849
346
1046
1024
1024
1032
1408
1024
512
1763
1024
256
1040
1539
1537
1088
1152
1040
1536
1088
1040
1576
0
16
1026
1025
1024
1096
1282
1600
1056
192
1089
1040
1088
64
68
3
1283
1281
1029
1539
1029
1157
1313
1313
17
1025
1024
1025
1729
51
1537
1185
1040
1025
1921
1024
1537
1065
1025
1307
520
1025
1028
1060
529
1793
0
1265
1091
163
1174
1578
0
1538
1030
1056
66
530
18
258
1138
3
1315
1034
1154
515
1026
1346
1062
1030
1058
1544
1044
1026
138
1025
104
1030
1224
1426
1026
594
1034
1034
548
1571
1570
1090
1090
1030
1154
1042
168
1795
1027
1538
3
1282
1107
1153
3
531
1538
1091
1411
1027
1098
1027
1057
1058
3
1028
68
521
1060
1288
14
1024
20
1057
0
132
1110
1172
1669
1024
1152
1281
1040
1031
1056
1061
1540
1024
21
1152
4
1040
1330
1030
1292
1220
1205
1181
1089
204
7
1053
0
1025
13
1301
1093
1089
1549
1029
1061
1029
564
1281
1093
1061
1093
1029
1286
263
1286
1027
166
1031
522
1156
1046
1046
1028
1284
1029
1058
1286
46
2
1068
7
1037
1026
1174
707
1248
1031
1095
1185
1287
5
1041
1549
1038
1026
1095
524
1056
1024
65
8
1417
1032
1068
138
1032
1804
1064
1065
1064
1112
1288
1091
1048
1032
1028
128
1032
1032
1064
1545
1030
1128
1032
64
77
1024
1024
1232
1034
1544
1536
1210
1033
393
1064
9
1729
1225
799
1089
1033
1033
1101
1032
297
1369
1033
1
1033
74
1040
10
1088
1539
200
1090
1074
1102
1034
30
1026
1026
1034
74
1160
67
1034
1544
139
1106
1075
10
1323
1097
1154
1323
1281
1610
1067
1043
779
525
1291
1155
1035
35
1564
1052
1052
1243
1038
1540
1036
1032
12
1116
1164
1160
1036
1228
293
1124
44
13
1092
1034
1036
12
516
1045
1294
1027
1676
1101
1749
8
1045
13
1036
1389
1133
1031
281
1034
138
1038
1626
14
15
1024
1294
520
14
1034
24
1039
1030
1182
1054
1102
1031
1290
1039
1070
1436
1038
203
1039
1026
75
1294
1031
1027
1
1538
1029
1041
1040
1040
1044
1264
1410
1072
1288
88
1552
1280
1669
976
27
208
1813
1168
1073
1040
128
1052
1040
1024
1300
1024
1616
1053
1712
60
48
25
656
529
16
1042
1168
1040
33
19
1025
1152
1045
25
1049
1043
1043
19
1424
1865
1624
1045
81
1041
73
16
1073
1040
1042
26
1042
1042
72
1042
1026
1402
1074
402
1586
1047
1027
1050
1074
18
1554
1361
134
19
1682
304
1051
67
145
82
1553
179
1425
51
83
1041
1311
1555
19
404
1084
1024
1108
1120
1297
1052
852
80
532
1044
1620
1100
305
1029
1041
1232
28
1063
33
1567
1109
1031
1040
279
1118
257
1041
45
1217
1109
1409
1045
1026
1234
1045
1394
1622
1542
18
1077
1558
23
198
1042
1075
26
1046
1588
1238
1047
1566
1310
1234
1047
14
1175
319
1045
1110
1173
1142
1044
1049
33
536
1040
1328
1288
1113
1032
1548
1032
1160
153
168
1048
48
170
1178
1096
28
1565
25
153
29
25
27
1565
1051
1117
1305
9
1049
1033
1026
1048
1562
58
1051
1055
1554
51
1066
1419
604
1235
1178
154
1030
1098
1050
1302
1042
1155
379
1283
1054
1163
1556
1036
28
1295
88
1302
1044
1311
1028
13
44
157
1136
540
1052
56
1116
340
1148
1566
1560
1044
1049
29
1052
1293
1100
1086
1543
1556
1048
94
1054
1183
1566
1050
1182
583
95
0
1278
181
1043
1551
1038
1054
1567
29
1307
1042
30
1056
1040
1072
1568
1542
32
1025
33
1056
480
104
292
1072
1049
1280
304
1057
1280
1056
1280
1024
264
1060
8
1064
1056
182
1248
4
1067
1316
96
1184
34
0
1202
32
21
1569
1281
513
1281
677
1032
1121
227
1441
1635
1161
32
1328
1059
1062
1634
34
1058
1539
1026
1442
1330
1186
1122
1066
100
14
49
1030
1058
1330
1064
112
1056
1062
1090
1314
1568
1580
1026
1411
1827
1443
1186
1075
161
1314
19
1187
1572
1028
1152
17
1696
1077
1388
1072
1029
300
1065
36
1086
1126
1318
1172
1316
1126
180
1344
1636
1318
1076
1073
4
1042
1061
1061
1063
1324
1056
1025
1062
1068
1077
5
53
1315
165
1133
1316
1060
39
1188
1574
1062
358
1061
47
5
1415
166
1062
1135
1128
1064
1064
13
1056
1544
1050
40
1320
1064
104
1130
1076
1576
1304
1130
25
1057
1197
1257
1064
1059
1037
1065
1065
1580
1698
1066
46
1290
104
1066
1290
10
168
166
1071
1064
1321
1321
1038
1575
1122
541
57
19
1225
1058
1070
44
1096
1212
40
301
1081
60
1066
44
46
237
1060
1036
1076
172
60
1564
1133
1596
669
1063
39
1064
1262
1069
33
1065
1317
1068
4
1566
38
1230
1058
1734
46
1038
1062
518
1034
1066
1068
1596
1255
10
1158
158
1542
1136
306
816
48
1140
1056
1048
1300
1330
1045
1056
1072
1156
1041
689
1075
1029
1537
56
32
1040
1169
1065
1041
1073
1595
51
1777
34
1459
1590
1394
1076
1074
1072
1187
160
1328
1578
1187
1066
305
59
1075
51
49
1315
1587
1047
1060
806
1588
190
1334
1204
1084
1078
52
1174
1028
1316
1072
53
241
1333
1628
1069
1269
348
1189
1078
1070
1142
1063
1143
1063
1053
1464
1593
1776
1194
680
1112
1592
40
1596
1404
56
1068
1128
1200
1056
1112
1337
120
1210
1050
62
1086
1179
1051
1579
571
1075
683
102
1247
1072
1054
1628
1304
108
1599
1053
1054
1276
1051
1085
61
1077
1069
189
1066
1182
1078
1342
1178
102
1337
287
1105
1088
1122
1094
1216
1544
1856
4
1121
1152
1088
1061
1218
1112
1600
1088
32
1856
608
328
1552
1024
1088
1608
1224
1248
1088
1218
1089
833
1493
193
1091
1105
1121
65
1105
1603
1092
1097
1261
1089
1089
1541
1288
209
1633
1098
0
1096
1123
1056
75
1090
1734
1095
1090
38
1027
1041
66
1123
1091
1369
1090
1219
1635
1283
1091
1793
1090
1107
1099
67
1878
1250
1219
129
1651
64
1664
1284
1536
1025
1024
1124
1029
70
1220
1860
1220
1186
1124
2000
1384
197
1092
1036
1708
1093
64
192
1092
1093
1036
1093
1102
325
1348
1029
1092
1109
1221
711
65
1093
1093
1093
1380
1730
1094
1110
1094
1614
580
66
1348
1381
1124
70
361
704
230
1030
207
1541
1355
1095
1348
839
1891
1635
1374
1095
79
88
1066
1098
1372
1116
1096
1833
139
1162
1576
1100
1248
1090
1288
72
586
75
1048
524
224
1096
1864
1034
1128
1089
65
1472
1088
1096
1353
1857
1093
1481
1217
1345
1379
1098
1048
1216
521
201
1090
1098
74
1354
334
1097
1038
8
192
14
1051
1371
395
79
1035
210
1111
1203
66
355
1103
11
1035
196
64
1100
1228
1102
1096
12
1096
1102
1500
1100
1100
1164
1227
1109
1103
1225
1608
77
1480
1373
1045
1097
399
78
1246
916
846
1118
1358
1222
1053
1103
1628
16
1201
1104
1232
1281
1184
1032
336
1120
1361
1340
1104
1872
1524
1106
80
144
1104
1140
68
72
1173
1217
83
82
1031
1536
1086
625
1104
1097
1109
1138
1274
468
1874
1104
1394
82
1747
1106
1041
1232
1818
1088
274
1235
1602
1395
1043
1658
1107
1043
1235
85
1040
1046
404
1360
614
112
1168
1360
1216
1399
1352
85
1124
340
80
1272
1141
1637
1301
85
1109
1104
1236
1603
1047
1237
1230
1724
1434
1623
66
1622
348
81
1094
1176
1489
1602
1830
81
1079
1273
1368
1098
1627
1024
1752
1118
1040
1032
2008
1049
121
1112
1116
1112
1625
96
700
1116
9
1041
1621
1113
1113
1041
1368
1147
1178
1358
1118
1138
602
63
1368
1115
1627
1647
1181
1627
1147
651
222
1119
1107
145
584
1811
1140
1566
1104
1493
1241
1113
1372
1036
1176
320
1628
60
218
1148
1375
1053
1117
213
1117
1119
1310
1110
1112
1098
92
1116
1119
1622
1362
100
480
1250
1600
224
1120
37
1648
1444
1088
1380
1656
1765
1032
1136
1376
1120
42
1089
1139
372
1184
1057
545
1057
2017
609
1057
1137
1121
1121
1400
235
1065
1125
1393
1123
114
1062
1446
1523
1578
546
1134
866
1066
1058
1090
1090
1122
114
1056
1123
1376
1123
1135
43
623
1059
1120
292
229
1124
4
1092
1060
1653
1060
1061
1088
1392
676
1382
1388
1093
1224
1093
485
229
1125
1029
1573
1763
1120
45
1253
1127
1252
1044
70
68
1126
1895
1127
1461
635
1095
1768
1130
40
1248
1736
45
1112
1132
1128
2040
1136
1359
121
1405
1129
1129
1125
1641
1120
1641
1128
1401
1135
1032
1098
1070
1214
1642
1074
95
1647
603
1609
1403
586
1134
1663
124
1144
1652
1124
125
1545
1128
1133
1133
1133
1069
1049
685
1124
1381
73
1070
1135
1092
1134
1775
1248
1069
56
1998
688
1378
304
1268
1112
1104
1112
1057
209
125
1393
1360
80
1061
113
609
50
1078
801
1138
1105
1147
1658
1139
627
1122
1703
212
1396
1136
1188
1142
381
1138
756
1072
1075
1141
125
1133
1140
1649
1057
1125
1141
1126
1136
1646
18
1066
1140
631
55
1270
100
106
1722
232
1329
1145
561
1339
1032
1370
104
1136
1136
1048
1144
1131
1144
1577
1368
1398
1126
123
1082
52
1147
1273
731
1146
120
1496
228
1276
100
1405
1149
124
1118
246
94
1261
1395
0
388
132
1155
1176
1158
1152
192
1154
128
1744
1026
692
1162
1539
1024
1489
1184
1152
1044
1
1808
1186
1185
128
1164
1185
1280
1040
1152
1024
1728
128
229
225
1797
36
1152
1665
1057
1925
1409
1185
432
1157
129
1185
1025
1697
1729
1166
1024
1408
1218
1632
1162
1154
1274
1738
1152
1026
128
1416
142
1923
1154
1026
1152
1034
1058
1058
1028
1664
1347
175
6
1153
1554
642
1179
1031
11
1027
1152
1204
1713
1173
4
130
678
1157
1189
1668
1024
1172
132
4
192
140
1204
13
1061
325
1173
1703
1153
1069
1159
1220
1173
6
1173
209
1153
1174
102
1176
1159
1098
1162
647
1670
1158
390
742
1734
1156
1473
130
1157
1155
1154
1223
1058
1063
1431
1670
1152
1252
1070
1224
1166
1164
1548
1194
1673
1160
1196
1048
1177
1161
1160
1432
1144
1226
0
1641
1192
1032
1416
1179
1160
1025
1163
1193
1209
1194
1161
1161
1033
1177
1161
1241
1162
1485
1226
1096
1032
930
1162
1762
1098
1166
1154
1186
1930
1174
1042
1674
1176
1113
1179
410
1155
153
140
1189
156
136
208
12
200
1164
14
206
1164
14
1310
655
1036
141
145
1709
1157
1487
173
1241
140
1932
141
424
170
138
1670
1542
1166
1678
140
1295
175
1039
1678
1193
1039
1048
1424
1686
1586
1158
129
148
1688
1360
1666
86
1025
136
1024
1344
1208
1425
146
128
17
1939
1426
1044
1113
145
1177
1200
1041
1153
1152
1171
1184
1024
1201
652
1050
138
1490
154
1682
1154
178
1201
1171
1043
1939
1169
1427
379
1745
1235
1619
1683
1175
1436
1228
1180
1554
148
156
1040
1492
1685
1028
1044
1172
1376
148
1025
1173
213
1045
1461
1812
1685
1333
150
162
1116
1718
1180
1238
214
1238
1234
1158
1157
1183
1963
1175
23
202
149
18
216
1566
1241
1048
1672
761
133
1304
1432
1208
1180
186
1560
1180
1080
1305
161
1243
1173
1033
136
1587
27
1177
1690
1416
22
1946
1450
1162
1546
1178
715
402
154
1298
1435
1083
1562
11
1947
1179
1239
219
1052
1176
1204
180
1432
1176
92
904
1935
148
140
148
22
141
1189
5
1755
1437
1037
1085
1161
1053
1286
1180
1562
1178
1176
1178
1052
1436
1214
1198
1675
1567
159
1173
1050
1099
149
1822
176
1189
1248
162
1188
1184
1056
256
1680
1152
1928
678
164
1216
1529
145
1257
1061
1152
304
1161
1217
1024
1186
1440
1249
1441
197
129
1169
161
1956
1189
1761
1185
1137
145
1266
1706
1189
0
1698
194
1186
1410
1030
1184
1443
1443
96
1186
1067
1697
1792
1203
423
1123
1766
425
1198
1203
1707
1191
1187
162
1060
1156
164
256
1196
1078
161
128
164
1188
421
684
1701
1442
1765
1057
1699
1251
181
1189
165
38
180
1318
1252
1058
546
174
1191
1206
1171
167
1718
1092
1254
1199
1157
1059
1447
1191
1207
143
679
175
1671
168
168
1725
1196
360
1832
1160
1290
1186
1160
1528
1194
1192
1192
1697
1185
227
1197
1165
1066
1194
1193
1195
1188
1154
1186
1066
1194
1068
1450
41
1443
43
1205
1167
1195
1195
1572
1448
140
1454
430
252
460
429
1189
171
431
1773
1709
1164
1164
1212
62
1967
2031
143
1064
1172
48
1712
1472
1210
1591
1184
1024
1233
1208
1170
179
1252
1185
1213
1209
1169
1681
17
437
1169
1210
1200
1186
186
118
1190
1203
1491
1969
434
178
1204
16
944
1940
148
1712
1045
1733
1429
1212
160
758
52
1461
181
1702
1175
1078
1206
1226
1248
1466
1208
172
1200
1213
1152
1209
1466
176
1210
1178
1723
1152
1203
703
1338
1212
1212
180
1213
1212
188
1060
61
1055
1434
1368
246
214
1087
1275
1079
700
192
1488
1760
1216
1736
448
1922
1088
200
1456
1155
1160
1248
1072
224
1228
386
1096
64
1088
130
1488
224
386
1216
1024
1226
1233
1185
1985
199
1219
1217
1089
1121
196
1153
1218
1218
1739
1290
1362
1108
1218
1090
1090
226
1158
128
146
738
1650
1218
1216
1248
1223
1227
1161
1251
193
1218
1223
89
130
1028
1440
1088
132
1160
199
1220
1664
1412
205
1605
197
1733
1157
182
1734
196
1236
1221
1223
1125
1156
1607
1479
1223
1128
72
1231
218
1096
1164
1240
1369
600
1224
1231
202
490
206
1240
234
1226
1726
1098
1130
1259
1224
1107
1259
910
1736
1036
205
1052
1162
1221
1159
1277
174
1100
205
1225
1261
70
95
1153
1198
1182
207
1231
1245
1487
1056
196
1170
1216
1249
1104
208
1360
1232
152
1736
218
1264
1176
1243
1073
1235
1232
1240
1219
225
217
1113
1106
1650
1153
223
1268
1234
1249
1410
594
1232
208
407
659
1474
1209
1031
595
1813
708
1621
1246
1140
716
1168
1237
92
1268
148
1245
1221
1681
1145
700
1264
212
49
1045
1237
1244
198
207
1267
1091
717
1751
1155
71
1236
1264
1114
1112
1752
1104
1244
27
1240
1737
1244
1496
1240
1117
152
1491
1177
970
1146
600
1273
222
218
1234
1114
1234
1688
202
1168
1235
1272
1233
1994
731
27
1172
220
1244
216
1986
220
1226
1157
1245
1244
1215
1300
222
1182
1374
1943
1246
1777
1248
1256
1664
1088
1250
1185
1225
1204
1220
1248
233
1249
1120
1408
1024
225
1472
1265
162
578
1378
98
163
99
1762
1248
746
1232
2019
1061
1571
1507
1257
1276
1124
1222
228
1028
1252
1124
1253
1217
1127
1025
1265
1637
109
1249
1066
1189
742
1264
1270
386
1190
1654
1126
1253
1127
1030
1141
1256
1512
1776
1512
234
1065
1192
1192
969
1193
1121
1387
1065
1257
168
1250
734
202
1258
1195
746
1787
347
1145
242
1219
493
1736
1261
235
1260
1256
1062
1222
1198
1127
1455
1273
1132
1103
1274
1124
1200
672
112
1528
1520
1408
1104
1264
240
434
1249
1264
240
1264
1586
1763
1505
228
1168
106
228
1268
1500
1277
1512
1425
213
228
1205
1143
1251
244
1126
183
1254
227
1234
1269
40
1256
499
1534
1176
170
1277
1785
2015
241
248
1178
1274
1244
1256
1267
1268
696
1278
1198
1240
1776
1145
1245
1246
2047
1143
1166
14
957
1215
889
1848
1603
1026
1280
1293
1285
1284
1024
1280
32
1300
1632
1024
1810
1026
1568
128
1346
1410
1280
256
1472
343
320
1536
1344
1156
1328
1280
1416
256
425
1281
417
1433
1283
1860
1313
1293
1025
13
1281
576
21
385
1425
1408
1283
386
321
1281
1345
320
1425
1345
1381
1792
1281
1282
256
1442
1122
594
1351
1299
338
1328
770
1282
1298
290
1283
18
1506
256
1280
768
1282
1299
1282
256
1312
288
1922
1536
10
1283
1283
1793
1282
1477
263
1283
1883
1287
427
1027
1285
1029
1299
1046
838
389
1280
1285
1316
1812
260
274
1158
1284
1444
1316
268
1293
1286
1286
1312
4
1921
1285
1281
1321
1175
1285
1287
901
1381
1297
1345
1550
1301
21
261
258
1283
1430
1294
1332
770
1318
386
1286
1284
1427
1286
775
1478
128
1287
1414
4
358
390
30
1092
1882
1351
1294
1285
1413
1319
1038
1413
1303
1413
1158
261
295
1318
1283
1287
1799
263
1288
768
1048
1483
1121
264
1056
1316
922
1033
1420
265
1034
1281
1320
1376
1312
1161
1288
1354
457
1288
1320
1024
266
1545
1413
1291
365
1289
265
1290
1867
1099
1803
1353
1416
1289
1289
1993
1280
1281
1289
1289
1195
1305
1322
1434
328
1295
1026
1304
1293
1230
1830
1289
1290
1291
1025
1323
1801
1290
1290
1419
1691
1291
400
1291
1294
1612
1228
1180
268
12
1036
1420
268
1028
1280
14
1850
1292
1324
1036
1549
1036
37
286
1407
1813
257
1389
1053
1292
1034
264
1293
870
1174
318
1326
1295
1030
1029
1031
1288
80
1347
1044
273
1024
350
1152
1300
1361
272
1296
1680
1040
1616
1280
1104
1042
1456
1616
1297
1296
1617
0
1313
1304
1296
282
1296
1303
1298
1409
1108
825
272
1808
257
1825
1281
274
1809
1810
258
1425
1664
258
23
1435
1282
1426
1328
1282
400
1334
1823
1810
1435
1283
911
276
1307
784
289
848
148
1816
1360
1488
1432
260
272
1046
1542
1300
1308
1428
1437
1892
1300
1044
21
1300
789
1299
1797
1317
1757
1077
1308
1316
514
1302
1490
1310
278
1874
1798
205
1814
1298
1283
1301
1047
1463
1815
279
1875
279
1430
1433
1557
1332
1064
256
1299
1877
1304
1304
776
1080
1040
1805
793
1433
1564
1176
1289
1296
1321
1295
1339
1291
1424
1048
66
312
413
1803
1051
1292
351
1428
1292
1028
1292
1428
1389
1823
1307
404
1853
1172
513
13
1037
1302
798
1502
269
1920
768
1441
258
1282
288
16
260
1281
1440
1042
1328
1312
1312
1444
1440
262
1568
1456
1314
1076
1313
1793
1312
1329
297
1061
1441
1026
289
1313
426
1329
818
1666
1057
801
1449
1059
1058
1426
1826
306
1066
610
1314
1314
617
1312
1639
99
1330
1832
1379
289
867
1058
299
1316
36
1316
1952
290
1284
1067
292
425
300
1317
264
1341
1280
5
1188
1313
1575
1334
1326
52
1574
1591
290
1382
5
1063
1319
819
1903
1399
32
1322
269
680
290
1280
1401
1429
1337
1065
1833
1384
379
1312
1280
1953
296
1379
132
810
1864
1320
1465
1288
1390
1312
14
1386
1281
1067
1321
28
1192
1374
1292
1388
1333
1327
1324
1323
1068
44
1545
1340
424
1325
1327
1101
1069
1294
1386
1327
1338
302
291
15
1030
432
1329
432
1072
1808
1845
274
184
1330
1074
1832
1442
1298
1298
304
1328
1046
1121
1584
1289
1298
1298
1074
265
313
1314
1320
38
32
1330
1360
1297
240
1843
385
1073
1459
1843
1075
312
1301
1072
1040
1076
1124
1296
1271
1332
1029
1333
1332
1079
1078
314
1334
310
1328
310
1462
318
1406
1078
311
1335
1207
544
1384
1840
1080
1456
401
1449
1853
1353
1445
1295
1136
282
1338
1466
1338
1328
824
1329
1404
1305
1389
1328
1084
1084
1340
1084
638
317
1148
1853
277
441
1309
1334
258
1720
1326
1335
1439
1343
1467
1282
768
1408
1876
1346
1096
834
1160
1792
1060
1344
1856
1096
1384
1476
1613
1104
1344
1346
64
1379
1860
1473
1376
1392
1344
1105
1473
1361
1089
1385
1549
1344
836
1472
833
257
433
1297
1376
1504
328
66
1346
1346
1162
66
1099
1489
834
1314
290
1370
1792
1490
1344
1394
1355
359
1346
1473
1155
851
273
1479
2018
1379
1281
1092
1316
352
1380
1365
1094
1348
1128
1486
372
356
1604
68
1348
1472
1348
1381
1873
1349
469
1406
1349
1133
361
1344
0
1094
834
838
1103
1126
1383
1858
1862
1990
1095
1095
1238
1115
458
352
328
586
393
1368
1244
1384
1353
1896
1352
1096
1024
1352
8
1480
1345
321
1357
1864
1801
1439
1869
1387
154
1802
1354
1218
1354
1098
1122
267
1608
1099
1891
1866
14
1283
332
1132
1032
1876
1348
1357
1356
1868
1356
1357
1864
1512
1356
333
1356
1604
361
1352
1348
1357
332
1357
1357
1357
1033
1230
1292
330
1038
1863
1357
1284
1112
1344
2008
1296
1361
320
1488
272
1368
1472
1088
83
1108
1344
1364
636
113
1305
1113
1345
323
1368
1361
1495
1301
1363
1298
850
275
275
1414
2002
1298
1138
464
1106
1106
1323
1091
1303
343
1523
1114
1240
1108
1108
1108
1360
1360
1510
1564
1344
82
1365
1301
1364
2005
1364
1117
1366
1874
1364
1363
342
1350
1350
328
1304
336
1268
1116
377
403
1089
1049
139
1112
1083
1097
465
449
377
1242
1298
1402
2012
328
1492
708
1884
1352
1097
276
392
1126
345
1373
837
1375
373
1524
319
1856
356
1120
1376
1824
56
360
1888
1376
256
1349
100
1312
356
1344
1376
1632
1532
1381
1504
361
1377
1376
1765
1121
837
185
1377
1891
355
353
1633
1537
1905
289
1297
355
802
448
1379
512
1506
64
1356
485
1351
1203
934
1382
1379
1826
372
1986
1891
1518
1502
878
1794
364
852
116
1317
1204
292
1381
103
101
421
365
1809
1381
293
1388
1509
1108
2020
1126
1286
1030
1318
1510
1319
1319
1379
2024
1396
362
1120
1513
1344
1120
1128
377
1377
1097
1467
1378
1034
315
123
1892
366
1889
1355
1510
300
1838
260
1076
1316
1101
109
12
1133
381
1324
1146
1804
1324
1518
1282
1519
1167
1389
1328
1312
1296
368
112
368
890
1644
1392
1392
1313
1396
1393
752
1905
348
1138
1498
496
1330
306
1362
1401
1395
353
507
1907
1916
1316
116
1334
597
1332
1397
1713
2021
825
1305
318
1844
885
368
1334
1136
1407
1403
245
1144
888
1388
1388
840
1569
818
314
824
1376
1401
1529
1400
1337
1530
1382
1369
1326
1369
844
1302
1352
1396
28
1404
1389
1530
1405
1582
382
1404
1437
1340
1371
384
1410
1664
128
392
456
1345
384
1408
320
1280
385
1664
1408
1936
296
1156
1408
897
1264
400
1409
953
1280
1477
1423
385
129
1489
1450
419
1409
1155
1304
1464
1161
1856
138
1536
1922
1410
1226
1346
1410
1162
258
1410
939
867
1795
3
459
1281
1408
1484
1408
1300
389
1442
1412
900
1280
1700
1322
1092
1413
388
145
388
1301
261
293
1412
1281
1157
1477
1415
1413
1316
1286
1412
1798
1415
1174
388
390
1486
1415
1414
1054
1476
1238
1307
1414
1415
262
1445
1165
802
216
1280
392
1416
1417
136
1416
1284
390
1432
448
1426
1664
1920
1409
1288
1417
1289
1289
1294
1290
1290
1295
392
2026
1416
1679
1437
392
1284
1814
1424
1153
1420
384
1152
1420
1408
1284
1324
1422
237
399
1412
397
390
1426
162
1678
909
1420
1422
170
1155
1455
1421
1934
1311
1424
1168
1044
1349
1808
1427
1816
276
1937
1936
1280
1433
1432
465
1457
257
497
1491
658
152
1174
1330
1280
1424
1430
1306
1487
1435
1427
283
1426
20
404
1941
156
540
1214
28
644
1948
1808
1300
948
1429
1301
1047
1239
277
1308
1797
278
1315
1429
1165
921
1429
1181
1172
390
1412
1367
1462
1219
1302
425
1432
414
1944
1432
470
1424
1417
1180
1341
1945
1152
1353
61
1681
424
1177
507
1426
394
1425
1310
442
1155
275
1503
412
916
1497
1181
1302
1470
8
1053
1163
1408
424
1256
1440
1845
1313
1320
1408
1920
434
1440
1327
1155
1392
1392
1418
1444
1700
1316
1960
1440
1968
1441
1170
1441
1460
1312
1417
1152
1442
1248
1410
128
1322
1202
1954
155
290
1433
1386
1190
1587
1282
1068
1196
1444
1408
1428
1773
1956
352
1188
1314
1317
1453
1157
1157
1351
1414
1205
423
1318
270
431
1454
428
428
1256
1452
268
490
1451
1449
1443
1417
1450
1402
1962
1199
1443
962
1162
1435
1707
1186
1315
424
1442
428
228
1444
1964
1452
44
1224
1532
428
1444
414
1324
1423
429
1316
1194
462
1064
1042
1161
1417
1430
1456
314
1920
432
410
1336
1444
1440
1489
1332
1808
1977
1584
1957
1461
1457
1169
1201
1979
1106
1330
914
1458
1462
1202
273
1957
219
1205
1328
1973
421
1174
1968
700
436
1332
1456
1430
1428
1457
1461
277
433
1526
1940
1511
1204
1431
1459
1468
1208
1425
1968
1464
1453
1456
1464
1460
1208
1232
1441
1081
218
504
413
1337
1722
1496
1468
1340
1467
1279
1208
1044
1470
1332
308
1469
319
1410
256
1762
1472
1504
960
1922
1416
2018
193
2017
1489
324
129
1344
1481
1433
340
1477
1474
400
1259
1330
1508
1472
2040
1216
1999
1282
1994
1351
321
754
391
1346
1506
1860
1860
468
277
1360
1476
1444
1412
1476
450
1222
160
1236
1487
486
1350
1479
1090
390
1478
455
1991
205
1478
200
1869
1280
1424
1474
1092
1488
1420
968
1864
456
1352
200
1482
1481
1441
1993
1249
1259
1515
1935
1994
1228
299
1435
1482
1258
1963
1227
963
1476
1740
1256
1420
452
72
1620
1356
1485
1390
1485
1485
367
1222
1486
1358
1358
463
2030
1474
78
458
1473
1535
351
1472
1472
1472
1232
1112
1360
1520
1212
1472
1218
474
1488
1489
400
1352
1410
1367
1298
1152
1298
1818
1938
1427
1490
467
975
1883
1185
1493
1484
1712
1168
1492
897
1360
1525
1777
1237
1797
1495
834
1494
1424
1429
1365
1493
472
1496
414
1241
1026
1496
1490
1362
1976
1483
1357
490
1162
1336
1226
1354
1369
1754
1427
1458
1534
1476
1484
1303
341
1241
1245
1510
775
2036
1440
1417
1576
1376
2016
320
1444
1250
1314
1488
1249
160
481
1329
1249
1505
289
1201
1440
1506
2016
1379
1255
1475
1323
1261
1509
1513
484
1508
1972
1252
1269
1445
293
1511
1318
1190
486
1510
1478
242
496
1384
1275
1353
1505
1513
1298
488
1896
1534
430
1387
1472
170
1890
1417
1765
1772
1512
1508
492
1404
1516
1484
381
105
393
1389
1451
1482
1190
1999
232
1492
246
1392
1493
1393
1296
1534
1464
1521
1358
1404
1393
1520
1238
304
1506
1138
1906
1746
1524
1268
420
1392
934
1430
358
1426
1527
1535
887
240
1430
376
1400
1269
234
1442
187
1242
1533
1469
1276
1965
1791
1534
1464
1402
250
1533
1536
640
1569
1568
1570
1810
1536
1552
256
1600
1056
516
680
515
1536
1536
1152
1937
512
1608
1537
516
1536
641
592
1604
1540
1673
523
1543
1281
1569
1547
1817
1689
1697
1569
641
1801
1573
2
1825
1536
1551
673
577
1537
1840
1537
1537
1555
1794
1546
1602
1094
274
1682
32
1664
1536
98
1700
522
514
1538
1040
370
1282
1555
1538
1027
1669
1555
1687
1026
1031
1667
1030
1609
1540
1588
1045
532
527
532
516
513
1828
1552
1552
1687
1670
641
1668
844
1060
1796
524
262
519
133
1565
925
1537
1589
1621
1152
1045
1541
1030
1542
576
582
1542
518
1317
70
1558
1815
1550
1543
1062
647
1551
1815
5
1671
1799
39
1031
1559
1603
1537
1552
520
1576
8
776
528
1225
1688
1038
1545
1064
77
1544
1163
1094
1544
1802
1090
1034
1833
1613
1545
1577
1833
749
1609
524
1549
1817
641
1673
1608
1546
1546
1802
1544
1552
1659
1610
1551
258
840
1866
1282
1838
10
1674
1162
1082
1801
1544
1826
27
1323
19
1739
1163
1280
1160
1028
1548
616
1677
316
1544
1032
525
1030
1748
531
621
73
28
1609
1805
1556
1669
1293
1099
1545
1546
1164
527
1541
1039
1806
1564
1550
182
1822
1614
1551
652
1615
13
520
1793
1556
20
1585
1792
1046
1552
1536
596
1025
1792
1554
529
1560
1808
1552
790
1544
1584
530
512
752
1557
1552
1889
1283
1025
1552
1552
1555
1680
1593
17
1735
1618
1552
577
1117
1808
1553
1561
1617
560
1025
1090
1794
691
1491
769
1666
163
1730
1680
530
605
915
1687
1539
1555
1075
530
1031
570
1691
1555
1539
1566
1106
526
1936
1684
1556
1540
1564
1844
1749
1556
1093
1548
1175
789
1557
1541
1047
540
1565
1542
1844
1594
1543
532
1156
1680
1543
1558
1587
607
519
1071
1553
1569
1559
21
1557
1560
536
1544
153
1104
816
1818
1598
600
1880
538
1537
677
1044
1425
528
793
1673
1821
600
1673
513
535
1547
1595
1566
1683
26
1050
776
1164
539
1049
1562
1555
1562
137
600
1556
1564
1596
1596
1052
525
1819
760
297
1693
1941
1804
5
1565
1557
568
1054
1046
1554
1565
1662
1562
1678
1620
1595
1567
1695
2014
1563
672
1568
1696
1312
1248
1569
1608
1152
1696
1760
1570
1376
1812
1832
1573
1574
560
1574
1060
1600
1824
1569
1056
0
1760
1584
800
1634
1284
818
1536
512
32
1568
596
1665
1057
1569
1577
768
1697
1569
554
1841
1600
1537
1634
1536
1578
1570
978
1904
1203
1826
1793
1730
1603
66
1250
1961
1665
515
1379
1824
1064
395
1571
1062
515
545
1571
50
1204
552
1584
1038
1541
1704
1700
1062
1572
1824
1764
1645
1572
1584
1664
1773
685
1957
1589
1029
572
1717
1569
613
4
821
1702
1827
2018
1570
1838
1540
53
1675
1717
1583
552
1576
744
1080
1376
1704
1579
1576
1576
1545
1802
1576
1196
1576
1096
1707
1553
1577
681
1377
1577
1065
1577
1955
1608
1706
1642
1582
1538
1582
616
554
418
555
1658
1646
1609
1582
1579
1065
1701
1036
45
1836
1548
1065
684
238
1544
1701
1956
1581
1069
556
1577
1257
1132
1966
1086
1702
1132
518
1706
573
1071
575
1588
1185
1652
1849
1696
818
1584
641
1584
530
1537
1057
1552
1554
560
1552
1040
1714
593
1915
1833
1200
560
1591
1571
530
1042
1706
1552
1844
1554
1075
1032
1041
1843
1697
547
1595
1081
1571
51
1079
1555
1649
1889
1591
1845
1536
1597
1057
1829
1820
1636
1727
23
1912
1593
568
1722
1848
1384
1720
1599
1712
565
1832
1784
569
1586
1146
1567
186
1578
552
123
1536
690
1588
1570
1851
1697
1587
1635
1595
1593
1580
1068
72
1596
624
351
1085
1853
1660
1077
1595
1610
620
574
1598
1662
1595
1595
1637
1602
1762
1601
1600
1608
10
1536
1864
1600
1601
1544
1216
592
1798
704
1632
1600
1796
1728
800
1603
1092
1089
1129
1088
1634
1603
1777
1089
845
577
1602
1033
801
1543
1473
705
1537
1545
1857
1602
586
1030
1858
354
227
1554
18
1089
578
754
578
1648
1760
1602
1542
1410
1602
1331
531
1857
1091
1552
1601
1539
1541
1603
1030
44
1348
1536
1860
1862
73
1600
1872
1822
1732
1024
1689
192
1616
577
1924
1124
1821
613
1061
1612
1095
1612
580
1868
1614
1861
112
876
1862
1094
615
1094
1038
1602
101
1733
835
1632
1103
1895
1090
1344
1352
72
1100
1544
1130
1835
1609
1348
1864
619
1096
1096
0
1866
1737
586
1576
1099
1377
1353
584
521
1857
587
586
602
1032
1098
587
1099
1619
587
83
1611
89
1745
1739
1771
1096
1740
1100
1324
1672
1566
77
1615
1613
1806
15
1749
1550
1630
1604
1838
590
1805
1663
1643
1616
1104
1888
1686
1619
1360
1043
1620
568
1156
1538
961
1616
1603
1105
1619
1651
577
1113
1872
1601
1617
1832
1106
1618
1874
978
87
1618
343
31
1894
1235
1662
594
1620
1348
1605
1620
50
144
1537
1652
1808
1237
1748
784
1860
604
1630
1541
1141
1045
52
1601
1490
1750
1298
1622
1814
1618
1119
1622
82
1606
1539
1639
1030
1104
1612
604
1984
1626
1608
1616
577
1242
1112
1040
360
721
593
1128
1368
1657
80
1609
1753
1536
1616
1617
1553
530
1115
1154
1624
1627
1627
1625
1113
1549
1115
82
1563
1596
1116
1100
1624
1757
1580
1116
1885
1621
1565
1885
1612
1105
1757
854
1049
1542
1110
1118
1807
1623
96
1888
1888
1600
1636
1088
1632
1632
1632
1672
1128
1282
736
530
1657
1634
1608
1545
809
1907
1633
1633
1601
1129
1908
1633
515
1573
1843
609
1634
744
1651
1602
1634
578
1138
1826
115
615
1830
1634
611
1639
1035
835
1890
1891
1634
1060
1604
844
1382
1697
1105
869
1861
1621
1377
577
2020
1605
1641
1637
1580
1619
615
1068
1130
1608
1648
1632
1257
1640
1635
1608
1651
672
1633
1257
1897
554
1642
1066
110
1634
1122
1134
1575
1187
1731
1105
1643
1260
1642
76
1772
615
1581
1901
1648
1134
879
1133
7
1592
613
1632
1648
1916
1648
740
1617
1634
596
1136
620
1617
1569
1265
1635
1909
1144
1621
1649
1137
1571
1920
1648
593
1783
627
1618
1638
1632
1586
1650
802
58
1145
1427
1602
1626
1572
1108
1788
1584
1268
1653
1556
608
1660
1652
758
821
624
1146
227
629
1879
1608
569
1909
1557
886
1652
1652
870
1918
1655
566
1590
1558
595
764
1633
1560
1656
1145
1648
1914
632
1658
1385
1598
1114
1914
875
1529
1763
1114
1788
1652
1637
575
876
1918
1658
765
1138
1919
1162
640
1152
664
1152
1674
1664
1666
640
700
659
1664
1696
930
1024
1112
644
1216
896
1920
994
1185
1680
1536
1158
643
1668
1665
1569
239
1737
1753
1536
1738
645
1037
1024
1408
577
1665
1962
1062
1540
642
659
1602
1547
176
1858
1666
1672
1893
1665
1538
1283
738
1283
1767
707
1679
645
1668
1664
1669
1668
1668
660
1681
1700
130
1668
1156
197
1684
660
1672
1540
1933
1685
1419
513
1669
1285
1943
141
1581
1669
1538
1162
1426
1687
1805
1671
1732
1542
1543
1158
1154
646
1666
1670
657
1675
1666
1159
1667
671
1770
1676
1688
137
1608
1024
1930
1160
1672
1056
648
1672
1161
1160
1672
748
1672
1537
1923
1992
1673
1705
1664
522
1739
1673
1549
1697
1545
1601
654
1673
644
1562
1673
138
1818
648
1742
1931
706
710
1418
1736
712
974
1604
1672
1157
668
1174
1697
1581
1929
660
1677
1669
1669
652
1677
1562
1036
1549
1695
1183
1263
537
1487
907
1739
1551
591
526
1675
644
150
1665
1664
940
1668
1712
1552
1681
768
1681
1744
1552
144
1665
181
1219
1713
641
1929
1537
1552
530
658
1714
1674
1682
1186
1620
1682
562
1682
1170
515
1113
1044
1178
1182
668
1556
1156
529
1693
1173
513
1415
1684
1924
134
1747
647
1686
211
1682
1753
1156
681
1665
1168
1944
1672
657
1157
1181
601
1561
922
574
1091
1682
787
1754
1675
1177
651
669
211
1564
1174
1340
1948
1674
1564
1548
1181
1940
1566
1054
670
1687
1674
1778
735
157
1159
1949
1269
1160
40
560
673
1572
1698
1668
756
1712
1696
1696
1704
1636
1184
544
1956
690
1672
1537
1697
177
161
817
1697
1568
1954
690
1704
1762
642
738
1719
1163
515
1184
971
1703
1953
1700
1124
1776
1248
1708
1700
1540
673
1575
1957
1189
1765
1189
684
1733
645
1706
1543
1696
2040
1704
300
1576
1704
1672
1200
1580
585
1738
1673
1835
1736
1576
1722
122
170
1928
1599
644
1212
1676
1193
1416
1696
1788
1791
1708
105
1961
1208
1213
142
646
1580
1166
941
1722
620
1072
1428
1152
1592
624
1200
1713
1685
1713
1552
1761
1777
1720
1206
1962
178
59
1690
144
1719
562
672
1593
1707
177
183
1043
1174
1588
1712
564
1076
1716
1200
1572
1724
1744
1597
1584
694
678
1719
1714
1720
1588
533
1703
1767
1791
1706
1776
1776
1064
1680
1720
1162
1168
1165
889
1721
1464
1146
1726
1202
1720
538
427
1723
1715
1243
1210
1592
1852
1708
573
700
701
1071
1215
1721
761
1722
2038
794
919
1255
765
1220
1664
712
1728
1600
1409
576
1224
1113
1984
1152
1986
588
625
1540
1665
229
1673
1734
1216
963
1666
1752
1729
1586
641
1168
976
1350
1755
1730
1673
467
194
1537
1667
1602
1408
1732
708
646
708
1732
1728
1764
1924
1232
1216
1732
1605
1989
1141
1709
1541
1738
1670
646
1026
1734
206
1735
1670
1856
1614
1734
1251
1670
1174
513
1736
1736
1224
1736
1928
201
650
595
1755
715
1633
1608
1902
526
138
1228
1738
1674
1730
1546
1229
1740
1613
712
1291
1997
707
1612
1700
1766
1548
1564
1786
1628
328
1676
1997
645
1740
732
718
1692
1738
650
1097
584
1118
650
719
585
1730
1232
1748
1744
1552
1748
976
706
1744
1669
656
1685
1748
1217
1169
1746
1237
1881
1617
2009
474
1266
918
1047
1614
1731
1491
2022
707
210
1687
1600
1716
732
1756
1988
1788
1620
1746
724
1136
1492
151
1737
669
1524
1735
2006
1126
1621
530
1778
1669
469
456
1692
1209
712
1816
2008
731
1752
1104
1774
1753
1752
240
225
1749
714
650
718
1270
1688
1225
1227
1755
1631
1741
1381
1757
1740
92
1564
217
205
1396
1754
2015
1695
1418
1633
1152
1760
736
1126
738
1121
1634
1185
1760
1219
1763
1537
32
1634
755
1252
1248
1253
1760
1708
620
1761
1761
1764
1261
677
1652
1259
741
1644
1970
1654
1714
37
1127
726
1895
736
1720
632
1705
2019
619
1769
1826
1768
1610
1784
1262
1729
1635
602
1903
142
1224
1261
1085
604
1672
737
1710
1148
1262
718
1533
1776
1658
1776
209
737
1625
1714
230
1651
1538
1728
1778
1650
754
1716
1765
112
756
244
2004
1620
117
1110
2006
134
689
241
1077
883
1919
1735
1724
1656
1560
1169
1785
1777
1771
246
1778
1262
1515
178
1778
584
1759
1267
1785
348
741
1781
1778
1271
1734
1711
1279
1280
272
1922
1379
1924
776
1824
1856
1824
1920
1792
1792
1280
1538
837
770
514
2035
1871
1537
1289
1299
1857
1409
1328
1793
1831
1793
1824
1825
1555
1288
1393
1667
1046
1282
782
0
1600
1282
1922
898
1794
1954
528
551
832
1034
1803
1794
1795
1283
535
1283
1795
833
1971
518
1875
1408
1811
1419
772
5
38
1797
1622
1828
1860
772
1796
551
1542
1536
1796
1797
518
773
724
1888
1540
1284
1093
1417
1793
1313
544
1861
1813
1829
1797
1925
1321
1542
598
1286
1830
1026
1302
1804
1550
270
772
1575
551
1093
1819
791
803
1162
1816
1538
1792
776
584
1800
291
1869
1800
1802
792
1832
1802
1545
1852
1320
1544
744
1289
523
1803
800
676
1545
1929
1917
1036
1664
1544
1834
1610
1802
1289
1835
35
1801
1804
1296
781
1164
1828
541
1562
782
1820
1804
1807
1807
1549
1822
262
360
588
1383
1868
1935
911
1862
1886
1822
1945
1963
1792
832
1792
1793
1281
1300
1555
1296
1807
532
1808
913
272
785
1561
1799
1809
401
1841
821
1970
1795
1554
1822
784
818
1424
1563
1591
1363
1552
770
1624
1904
1814
1622
1808
1812
772
1828
1341
1559
1540
1628
1796
285
1845
1808
982
1286
1366
1631
1030
1814
1302
863
1559
1885
1174
1041
1612
552
1881
778
784
283
1801
540
537
1304
1849
1819
1811
795
1811
1818
1818
1755
1035
1561
1564
1564
1544
1309
1055
1949
530
1878
1559
1597
1282
1310
1341
1846
1823
1053
1905
1984
1825
1504
929
1952
1792
802
1856
1798
418
1281
1824
256
800
1826
1840
1793
1857
553
1841
1443
802
1858
1826
1834
806
1570
1890
1828
816
1714
1577
1843
1056
259
777
1667
1635
1831
1057
1575
1541
772
1796
1444
52
1060
1828
1665
1830
1573
1841
1809
1968
1058
1894
1766
1927
1830
1644
1538
1927
1836
1320
804
1832
1824
1832
1832
620
937
1833
1833
1897
1898
1930
1302
1634
1833
1578
102
1834
1960
1839
1835
1803
289
1903
1900
1324
796
301
1645
1836
300
1901
1837
1807
925
940
1069
1819
1070
1316
942
1574
1306
294
1558
534
1001
1645
1807
1571
1806
1590
1890
1846
1840
1560
784
1904
280
1321
1521
1841
52
1847
1841
1844
1650
50
1843
1072
1851
1584
1955
1947
866
947
1147
1328
550
1829
52
808
1908
1300
1393
1875
1805
1812
1839
1850
1970
1831
1591
823
1399
1005
1847
1816
1536
1320
824
305
1337
1848
1049
826
1849
1330
1834
1586
307
1323
825
1907
1388
829
316
831
1340
1597
957
1335
1917
1560
948
1142
815
1595
776
1728
1856
1344
1600
2040
1990
1380
2000
324
1856
1288
1481
1363
1347
1888
1957
864
1425
1859
1648
1856
1394
1888
1875
1987
1907
1667
848
1799
1220
1794
1409
1362
840
577
1866
1880
1364
775
848
612
1876
1876
1797
1804
64
1300
1801
1953
1857
1892
1875
788
1366
262
1799
1346
1473
579
1351
1957
1863
840
1864
1896
1897
1866
848
1792
1800
1880
1985
1352
1608
1281
1928
1841
609
1376
781
1561
842
604
1358
1602
1090
1866
586
1867
456
338
1901
1388
1856
1994
777
1864
324
72
1372
964
1565
1820
1833
2044
847
846
777
1730
1356
1868
1867
1610
1884
1483
1862
1367
1810
1000
1032
560
1881
577
2032
1912
928
1904
1296
1609
1873
1377
1299
1826
1808
1842
354
1808
1810
1873
851
1555
1875
499
626
1078
1860
2044
1876
1360
148
64
1309
848
1369
862
1758
852
1814
1879
351
1368
2008
984
1597
1612
1289
1884
1880
2035
2009
1608
984
1984
1614
1865
1810
1866
1883
1883
1373
576
637
604
636
1916
1880
1883
1885
376
1375
862
2047
1378
1792
1896
2016
768
1380
1376
1096
1954
1857
1891
1376
1381
1857
1863
1832
1837
1894
836
1793
1891
1798
1850
1363
1881
875
999
1393
1139
1379
806
896
2022
960
1830
485
1868
869
1890
1917
1639
1866
320
842
1920
1576
1880
58
2025
1400
1128
1801
1385
1897
1899
1801
1830
1640
314
1898
1898
98
1402
1898
328
1858
1971
1897
1897
1835
1899
2026
1792
1892
876
828
1100
1862
1661
1135
1895
1394
1392
1084
1752
1900
1585
627
1393
1648
1134
1619
1906
1906
1814
2046
1315
1907
627
277
1588
1829
1590
564
1908
2037
837
866
1330
1910
1367
1844
1845
595
1657
1912
1912
1824
1852
893
1884
889
1916
1371
1906
1850
826
1883
827
1916
892
1773
2032
1404
1919
374
1968
1808
384
1992
1152
837
1920
1920
1418
1984
1924
951
1921
1937
897
1936
913
2001
647
1473
1925
1921
1921
641
898
1696
2000
904
658
128
898
1986
514
1792
1922
1410
386
1923
1963
1939
1873
1157
962
1667
902
1925
1940
1967
804
1476
1792
1684
1860
1224
644
1668
708
1925
1941
265
1935
1765
1925
1540
902
1957
1685
1797
1605
1185
1542
1670
1926
1924
1924
1959
1991
1959
1487
1933
1551
1927
1920
1582
1672
1931
1152
1032
1224
1449
1969
1922
1676
650
1930
906
1802
1514
1282
1690
1929
909
1988
1422
25
1956
1972
1844
1676
1932
1932
1948
1805
1998
1802
1310
1997
909
1925
1933
1677
939
1317
1935
1284
2021
900
1935
1998
1677
1942
1936
898
1936
1960
2000
1809
1808
1665
1936
979
1616
1857
1689
1934
656
658
400
1155
433
1299
1937
1429
1812
1428
784
912
1
1812
821
1429
1442
2040
1050
1175
1798
1694
1426
1946
919
1299
1754
920
670
1808
1424
1681
1811
1691
1688
904
1181
1435
1202
1673
1183
689
1182
173
1604
953
2006
1950
1670
1178
1941
1943
1953
944
1840
416
768
1824
1960
1697
1954
1572
1969
929
1195
1954
306
1959
558
673
1163
1166
1571
1409
1969
1411
1317
937
1956
1960
1796
934
1697
545
1973
1953
961
1798
1964
548
1654
1967
1767
1715
1701
1336
680
936
1706
1792
1736
1696
1194
1729
1720
1952
1962
1166
1951
1770
1966
943
941
1420
1507
431
1923
941
296
1420
1836
1853
1677
806
941
1453
1965
1188
814
1956
791
1378
1830
1968
2020
936
1966
1921
440
1200
272
1681
179
1593
1457
1330
1681
1842
1946
435
1235
1715
1940
916
1588
1940
1524
885
1669
1974
1454
1841
948
1830
1590
1192
520
1457
1962
1331
1441
915
1335
1970
1436
900
919
1980
701
1964
1832
1846
1826
1838
1619
1728
1921
1472
1984
1923
2028
1744
970
129
834
1872
1344
1905
833
1667
993
1857
641
1605
1985
1985
1867
1741
1217
451
193
1986
1472
1666
993
1920
1987
969
1946
1350
1862
1476
1749
1484
1988
1488
1929
1479
1991
969
2020
1472
1874
1120
1801
1992
968
2009
904
1929
1994
1003
838
1674
1857
1994
712
1482
1928
1761
1993
1706
462
1796
1869
1487
863
2014
1742
1998
206
850
848
724
688
1428
1994
340
1810
1752
1984
1232
1986
1872
2008
696
464
721
1111
722
2006
661
603
2001
1796
1942
976
1525
837
1856
1490
1942
1873
1479
2001
1737
1993
1880
840
988
1940
2002
794
2011
1944
1757
791
1756
1566
1960
1504
1986
1924
928
1121
1222
1220
1507
928
1395
1995
1443
713
1838
996
2020
1380
1956
999
1765
890
2024
736
936
1913
929
1739
1377
962
2025
1899
1464
1928
1765
1705
1505
1832
1655
2032
2024
980
1776
503
2004
1905
1488
1914
500
676
1980
1468
1637
1956
1510
1830
1751
1602
2002
2040
1017
1968
2010
2042
1914
492
1916
2036
2042
1467
