AdjacencyGraph
1024
10000
0
54
96
136
163
205
231
252
268
310
340
373
390
415
430
450
455
493
526
558
567
595
614
634
653
679
699
712
723
739
758
769
776
821
850
872
885
908
935
957
970
995
1008
1027
1040
1056
1070
1085
1091
1119
1139
1164
1179
1197
1202
1210
1217
1237
1243
1254
1262
1274
1283
1288
1298
1342
1376
1394
1418
1442
1460
1479
1487
1520
1545
1563
1577
1593
1599
1611
1617
1639
1656
1671
1682
1700
1708
1716
1724
1743
1757
1763
1771
1789
1794
1804
1809
1841
1860
1884
1891
1912
1921
1927
1932
1948
1959
1967
1973
1983
1996
2001
2007
2025
2034
2050
2057
2067
2072
2084
2091
2110
2118
2124
2128
2136
2141
2148
2152
2193
2214
2246
2264
2294
2318
2336
2346
2378
2394
2416
2426
2442
2452
2464
2474
2506
2521
2541
2556
2564
2575
2587
2595
2611
2619
2630
2640
2649
2660
2666
2670
2691
2711
2729
2739
2760
2765
2774
2784
2816
2832
2841
2852
2858
2871
2879
2888
2907
2923
2941
2952
2964
2969
2975
2981
2995
3005
3015
3024
3029
3036
3039
3045
3077
3098
3112
3124
3138
3148
3157
3165
3187
3201
3216
3227
3242
3251
3256
3257
3270
3284
3296
3303
3310
3317
3321
3328
3338
3344
3349
3352
3358
3360
3366
3371
3390
3405
3411
3418
3426
3434
3444
3447
3463
3467
3483
3488
3493
3497
3501
3506
3519
3526
3537
3544
3551
3555
3556
3557
3562
3567
3568
3570
3572
3578
3583
3587
3623
3644
3674
3687
3703
3731
3749
3758
3782
3803
3820
3830
3855
3868
3879
3886
3907
3926
3939
3956
3970
3982
3989
3996
4017
4028
4042
4052
4060
4071
4080
4086
4120
4143
4160
4174
4187
4202
4214
4226
4249
4263
4279
4286
4302
4309
4319
4323
4343
4350
4366
4372
4390
4397
4399
4408
4418
4424
4432
4438
4446
4456
4461
4464
4488
4503
4519
4531
4543
4553
4564
4568
4587
4595
4613
4622
4632
4639
4652
4655
4672
4687
4694
4704
4716
4721
4726
4733
4741
4751
4758
4768
4776
4783
4789
4792
4805
4820
4833
4840
4853
4869
4880
4883
4890
4897
4904
4912
4922
4930
4935
4936
4949
4956
4963
4967
4971
4978
4983
4985
4992
4998
5006
5009
5011
5013
5018
5021
5041
5058
5069
5078
5096
5107
5114
5125
5138
5150
5165
5175
5187
5193
5201
5208
5236
5244
5253
5260
5277
5284
5292
5301
5316
5327
5339
5346
5355
5360
5368
5372
5395
5405
5419
5428
5446
5451
5456
5461
5468
5478
5489
5496
5500
5502
5507
5509
5516
5528
5537
5543
5550
5552
5560
5563
5570
5581
5591
5594
5601
5602
5613
5615
5642
5657
5667
5675
5690
5704
5722
5725
5739
5751
5755
5758
5766
5771
5775
5778
5789
5800
5807
5814
5822
5834
5838
5843
5847
5848
5854
5857
5866
5872
5877
5880
5891
5898
5903
5910
5918
5923
5930
5931
5936
5943
5944
5947
5949
5954
5958
5959
5969
5971
5975
5982
5988
5991
5993
5995
6004
6008
6010
6014
6016
6017
6019
6019
6057
6087
6119
6134
6162
6178
6197
6211
6246
6258
6272
6282
6295
6304
6319
6332
6359
6376
6396
6405
6417
6424
6441
6450
6460
6471
6481
6483
6493
6497
6504
6509
6532
6548
6567
6578
6607
6623
6631
6636
6646
6659
6678
6691
6710
6719
6726
6731
6745
6757
6771
6779
6788
6794
6801
6802
6813
6819
6832
6838
6848
6851
6854
6856
6879
6895
6907
6916
6933
6942
6960
6965
6982
6996
7008
7017
7025
7035
7047
7055
7071
7085
7096
7107
7120
7131
7138
7143
7156
7163
7171
7176
7182
7186
7189
7194
7209
7214
7218
7225
7231
7239
7246
7246
7255
7265
7272
7275
7282
7294
7298
7303
7311
7319
7326
7331
7342
7347
7349
7357
7365
7366
7373
7376
7383
7385
7387
7392
7429
7443
7458
7479
7504
7514
7527
7532
7550
7563
7573
7583
7590
7597
7604
7606
7626
7637
7644
7652
7659
7665
7671
7675
7692
7697
7702
7710
7714
7715
7721
7727
7746
7759
7774
7776
7790
7799
7811
7813
7827
7830
7838
7842
7847
7848
7856
7858
7876
7885
7894
7898
7902
7907
7914
7919
7929
7937
7947
7948
7954
7957
7960
7962
7981
7992
8007
8015
8027
8030
8041
8048
8058
8064
8079
8082
8088
8091
8093
8094
8106
8111
8117
8123
8126
8134
8139
8146
8156
8160
8170
8172
8179
8181
8183
8187
8198
8203
8213
8218
8227
8231
8236
8242
8246
8254
8263
8267
8270
8274
8279
8281
8290
8295
8298
8303
8307
8312
8319
8319
8327
8331
8332
8335
8338
8339
8342
8345
8366
8380
8400
8411
8432
8446
8458
8465
8486
8500
8506
8513
8527
8538
8547
8554
8580
8593
8608
8613
8631
8636
8641
8647
8662
8670
8673
8674
8682
8687
8694
8697
8723
8739
8752
8759
8773
8780
8784
8792
8801
8807
8818
8824
8835
8840
8845
8848
8865
8875
8884
8887
8896
8906
8908
8912
8920
8925
8935
8943
8946
8950
8951
8951
8971
8982
8994
9009
9028
9034
9043
9052
9063
9070
9074
9077
9084
9090
9095
9101
9115
9119
9126
9127
9134
9135
9139
9144
9148
9157
9159
9161
9166
9171
9178
9183
9194
9205
9214
9223
9228
9232
9237
9244
9257
9263
9271
9276
9283
9289
9293
9296
9299
9303
9308
9310
9312
9316
9319
9320
9322
9326
9329
9334
9337
9340
9344
9346
9362
9375
9392
9398
9412
9416
9423
9428
9437
9444
9452
9458
9464
9467
9471
9473
9481
9490
9496
9500
9506
9512
9518
9523
9532
9535
9542
9548
9552
9558
9562
9565
9576
9584
9593
9597
9607
9610
9620
9623
9627
9634
9639
9645
9653
9655
9658
9660
9669
9678
9682
9685
9691
9703
9705
9707
9709
9713
9719
9723
9726
9731
9734
9735
9749
9760
9773
9778
9779
9786
9798
9801
9811
9818
9823
9828
9832
9835
9837
9840
9845
9849
9855
9861
9865
9869
9873
9876
9884
9888
9895
9898
9901
9903
9906
9907
9918
9920
9929
9930
9933
9939
9940
9943
9953
9953
9957
9959
9961
9963
9964
9965
9968
9972
9975
9977
9979
9982
9983
9983
9988
9988
9990
9992
9997
9998
9999
128
4
71
5
128
656
592
392
68
514
514
2
16
140
132
2
1
22
385
1
3
130
0
548
512
516
0
280
134
132
32
36
5
129
288
147
16
272
768
97
292
160
128
78
517
290
160
0
0
258
64
515
2
0
211
0
577
257
160
33
64
73
321
7
553
111
259
9
37
1
83
321
65
347
512
17
144
33
0
13
285
512
4
129
513
9
145
3
325
9
1
8
131
45
417
259
18
64
263
2
10
2
35
36
34
2
4
66
134
10
514
2
578
810
0
578
6
258
6
64
34
3
515
30
547
24
272
2
274
6
128
2
258
22
79
130
11
521
71
2
3
770
523
5
67
131
363
3
3
67
14
33
2
551
2
643
328
3
35
260
551
16
298
801
531
1
36
4
6
20
527
12
4
84
4
514
324
144
28
558
38
84
454
649
16
4
260
36
932
164
64
13
165
260
516
4
512
32
20
188
852
8
46
370
0
39
142
587
197
3
20
364
49
141
257
69
517
0
4
517
17
36
16
13
69
64
53
11
29
5
12
519
643
2
4
1
71
4
38
2
262
34
214
18
10
134
4
6
772
309
42
518
6
389
291
23
6
167
50
518
519
35
551
7
23
103
5
135
72
172
8
136
24
104
520
0
1
0
25
24
48
840
16
200
0
14
0
26
136
929
0
9
512
409
616
4
8
520
584
520
520
16
586
72
576
9
320
10
8
136
649
25
137
41
904
1
521
25
9
641
8
9
41
360
9
33
9
9
9
73
41
64
265
829
1
9
10
257
129
9
268
10
10
568
474
9
66
256
11
10
10
76
522
174
0
257
10
26
24
74
3
10
64
520
10
970
907
10
11
523
31
34
263
15
15
170
265
517
423
331
362
25
202
43
3
771
11
42
111
73
9
12
524
13
300
28
14
908
12
140
284
28
32
28
12
8
260
64
4
12
44
0
140
72
4
520
972
780
13
260
13
15
588
29
517
133
568
525
261
13
15
398
132
194
14
646
14
2
143
58
139
14
28
7
142
8
22
398
174
12
271
59
41
15
10
344
16
22
512
24
16
257
674
604
16
10
48
560
281
852
16
0
16
280
56
16
81
568
272
145
594
128
144
16
148
304
112
154
0
673
24
0
387
81
181
913
16
272
145
146
35
53
17
1
17
1
48
33
19
1
563
17
1
737
145
17
20
1
220
16
337
21
85
289
80
528
99
87
19
24
406
18
128
62
18
26
24
337
530
18
0
58
24
20
528
26
50
578
275
26
338
2
563
272
274
256
912
6
3
19
593
114
275
82
89
282
18
134
21
29
20
5
1
592
660
6
20
6
144
518
21
84
84
724
404
797
16
112
180
20
0
276
390
26
596
277
312
21
5
519
20
85
149
537
212
528
581
16
53
149
21
565
52
1
274
86
158
2
23
70
20
22
130
534
518
7
6
22
788
310
150
22
2
834
5
150
535
1
87
534
53
231
21
6
23
7
279
87
407
15
407
156
5
8
281
528
376
48
584
350
542
8
16
12
26
57
28
2
8
144
19
24
10
280
21
602
10
18
0
344
16
665
93
53
57
538
57
24
27
137
81
1
601
25
536
249
281
49
25
530
30
154
91
274
18
350
16
40
2
25
152
282
187
27
27
266
27
19
123
27
26
153
27
28
85
68
412
140
556
60
29
532
540
592
50
540
20
28
56
4
13
861
269
813
25
61
31
523
124
559
5
153
23
909
77
95
29
60
541
30
286
279
94
78
54
89
670
10
62
31
44
24
30
89
727
533
33
608
32
276
165
608
128
32
0
32
385
32
48
32
816
52
129
160
32
296
32
264
40
32
2
32
752
49
808
64
105
40
32
291
8
36
224
236
288
104
161
52
56
32
160
865
129
4
293
545
515
544
37
97
32
1
35
41
33
32
162
1
47
48
801
97
544
35
33
1
97
83
169
929
32
2
32
288
32
2
102
674
552
34
34
98
550
289
810
386
514
305
512
54
34
34
3
163
34
25
353
34
35
179
33
35
51
106
3
614
100
108
164
260
292
36
36
36
292
292
46
32
932
36
33
36
32
870
68
516
76
364
524
515
23
45
117
545
551
101
61
597
804
100
685
36
53
37
129
37
161
37
229
261
18
5
593
111
36
35
582
38
684
34
517
55
294
34
628
554
50
35
564
317
118
14
36
932
36
494
22
5
97
101
3
562
419
54
103
229
5
839
686
801
8
116
556
33
170
552
40
938
41
266
106
57
104
8
104
56
56
40
40
34
312
18
32
32
168
552
44
254
33
43
361
544
45
106
161
32
43
302
10
16
168
554
554
10
569
298
10
546
826
680
42
10
298
618
266
42
328
354
1
38
162
75
619
41
162
43
523
107
43
99
268
44
109
44
548
44
124
556
4
72
40
4
40
36
100
364
13
37
45
549
29
557
15
45
15
553
173
45
44
101
60
4
46
13
878
46
46
622
47
49
172
62
46
42
310
38
41
44
54
143
127
52
146
168
48
304
22
180
560
561
16
560
560
20
4
164
560
304
80
304
48
32
548
52
48
16
48
48
48
117
48
145
19
21
1
161
41
33
53
17
33
946
201
545
17
697
149
49
560
368
571
38
246
184
52
50
663
163
818
50
62
58
562
582
18
162
178
34
18
1002
2
34
624
82
807
171
49
16
310
43
305
34
146
33
467
419
881
18
115
48
52
262
548
114
280
116
444
352
48
26
52
668
572
36
180
148
22
33
117
53
49
23
22
52
582
58
20
380
22
58
883
63
630
127
268
54
145
160
62
48
108
88
88
56
560
369
572
667
248
42
24
938
568
62
48
162
562
241
185
56
53
40
32
24
24
58
154
42
546
698
530
510
58
314
951
314
539
59
571
50
51
315
126
60
190
76
60
60
108
76
316
52
188
158
829
124
156
309
189
49
301
15
57
63
342
126
118
42
63
319
629
59
47
72
315
24
39
45
65
100
64
193
64
593
352
64
193
707
0
323
68
17
322
192
344
64
69
64
328
64
64
72
640
777
64
585
64
64
12
321
576
194
96
65
592
46
96
100
65
65
517
192
3
64
197
65
65
577
84
480
97
579
131
608
64
72
65
12
272
0
65
888
75
85
769
129
769
321
81
456
467
5
65
1
345
80
960
526
320
99
70
82
96
72
474
603
98
530
4
98
259
210
87
194
98
78
65
66
65
67
66
66
194
94
67
69
705
330
1
7
83
595
3
266
67
211
71
594
608
364
68
578
608
2
69
100
520
385
4
68
36
68
197
4
4
204
964
77
204
64
580
598
69
576
541
325
577
65
613
109
5
165
117
452
839
462
341
80
68
64
70
326
582
66
326
70
162
582
12
103
324
210
550
64
838
214
608
198
594
36
71
71
131
243
71
21
68
72
8
264
72
716
32
585
72
488
201
584
72
232
224
328
107
664
64
264
72
0
576
60
0
88
584
232
268
620
345
73
330
8
73
73
123
712
64
79
204
457
17
185
8
89
597
89
27
105
65
65
1
205
635
73
11
281
587
648
586
74
334
584
66
194
514
346
194
594
194
386
587
11
2
42
202
75
74
105
68
42
79
449
587
65
75
73
75
360
331
76
12
72
100
76
352
9
12
84
68
76
14
92
120
88
76
591
11
139
77
77
78
202
6
12
195
79
76
525
76
615
343
78
215
199
15
79
78
207
75
84
80
528
848
64
80
592
80
192
592
514
80
579
346
336
144
98
4
208
80
593
193
18
89
16
209
841
593
721
113
81
85
576
1
81
1
113
17
128
594
122
528
275
338
18
346
80
34
66
83
23
81
82
82
121
82
97
339
82
83
530
87
115
91
99
22
84
116
4
382
276
97
92
16
4
100
68
192
56
64
336
84
597
277
351
93
149
85
19
321
60
27
341
55
22
215
213
81
84
83
19
583
407
215
626
117
100
604
216
648
348
843
344
336
216
217
80
600
84
264
80
216
89
600
104
744
74
82
209
249
589
91
840
88
45
513
93
72
81
201
223
147
65
122
27
94
664
126
110
634
27
330
104
125
127
94
12
92
536
221
28
91
144
337
372
616
86
340
540
334
208
92
77
77
340
218
245
671
119
542
94
604
94
86
14
283
70
343
455
638
218
471
112
64
874
481
96
193
192
96
226
96
99
629
32
32
608
744
224
64
1
36
98
114
546
96
545
368
97
418
118
32
96
104
449
97
176
115
576
176
545
99
884
194
609
113
113
489
112
200
197
217
105
362
2
353
66
354
528
96
34
102
96
106
10
35
50
122
226
115
302
38
578
194
100
34
99
371
2
721
47
568
353
103
5
100
116
100
96
97
32
548
92
12
96
800
52
260
100
612
228
804
228
101
544
373
36
357
209
79
613
69
101
357
103
98
610
135
518
102
34
451
117
115
2
36
96
160
76
360
360
32
8
739
64
248
108
362
72
236
104
232
73
473
196
617
578
9
99
632
184
141
362
123
98
810
66
104
289
303
44
113
75
35
35
39
609
108
100
836
38
636
108
76
108
36
559
333
109
77
109
111
107
364
367
97
109
621
101
558
292
40
100
228
46
43
87
238
239
358
81
49
630
112
57
116
48
608
608
48
120
116
48
121
112
224
242
112
33
113
241
177
49
115
113
243
125
594
50
755
82
34
114
26
2
370
114
122
342
111
126
50
96
80
123
97
626
91
51
123
116
356
369
644
604
336
32
608
88
116
113
112
244
725
55
468
886
246
38
118
37
116
242
614
117
36
62
118
119
104
615
113
53
115
120
234
376
344
89
56
88
128
331
116
88
120
376
121
104
376
344
568
632
632
112
89
121
153
377
120
345
636
738
88
74
122
104
122
491
255
639
93
117
380
60
620
110
584
93
119
629
91
73
109
430
120
604
478
118
107
90
119
213
127
254
130
8
144
640
160
198
224
133
282
128
148
192
43
142
128
448
640
181
128
137
645
0
164
146
64
664
64
901
192
224
131
129
192
648
162
896
8
128
515
656
4
177
129
1
33
0
132
129
169
144
151
161
193
193
128
1
225
133
145
129
137
131
134
210
130
658
130
386
434
202
130
130
130
134
71
146
1
650
70
98
226
662
658
130
130
132
128
128
32
194
134
641
384
138
131
0
11
147
227
128
651
1
499
3
387
131
295
163
401
194
195
166
134
4
212
4
64
896
5
0
388
166
252
516
400
197
562
135
132
384
4
0
4
388
390
708
132
516
132
1
224
740
156
132
157
13
676
644
133
647
405
201
401
129
33
97
613
150
1
128
12
518
653
199
389
645
390
208
598
2
150
162
135
4
6
199
106
580
646
727
78
150
262
6
47
159
897
455
643
134
391
415
207
743
168
261
200
129
281
384
745
142
136
396
490
523
268
204
136
664
328
402
640
264
109
324
140
169
392
136
143
136
2
385
128
256
905
157
130
241
136
897
481
169
169
136
137
49
137
392
141
537
202
642
138
138
15
42
410
2
162
143
138
138
670
138
11
450
907
91
128
10
11
102
649
513
162
6
1
213
395
271
160
651
232
273
398
141
141
138
5
216
140
652
204
164
392
5
413
392
180
13
193
137
141
141
937
141
205
133
391
174
158
63
81
196
142
85
202
142
222
14
140
493
159
2
143
36
671
142
39
578
18
4
208
16
0
188
688
17
148
144
48
48
16
1
148
160
20
16
144
144
656
64
148
146
668
176
416
16
720
720
196
404
1
27
129
129
313
17
145
129
217
155
177
177
69
0
80
18
144
16
156
402
530
147
16
16
218
94
640
210
186
720
410
194
402
2
176
163
537
561
147
179
147
387
147
155
723
150
147
149
187
147
213
144
149
142
215
156
204
132
133
196
433
181
151
645
1
213
133
149
188
16
16
66
514
662
38
34
708
412
178
786
212
722
279
447
543
19
214
150
71
696
154
153
520
152
148
156
154
218
8
216
248
144
220
408
728
155
408
157
209
273
153
17
273
287
696
194
42
59
666
154
218
16
138
440
655
539
187
137
151
73
667
130
139
153
6
12
697
30
176
276
188
217
24
85
412
735
61
665
157
157
217
151
605
29
202
30
159
31
158
28
154
461
403
71
480
416
160
160
144
42
160
176
672
178
128
160
688
162
36
160
170
0
418
176
161
305
51
160
161
131
169
129
657
145
145
674
673
257
417
545
161
49
417
801
673
139
128
578
32
171
387
168
162
163
738
189
32
290
698
162
160
226
130
130
229
689
695
164
166
245
35
427
131
676
32
132
192
132
128
36
680
676
166
180
320
36
128
176
188
172
676
174
132
21
229
225
677
163
225
164
423
821
70
691
166
182
164
742
135
647
131
39
935
229
687
167
166
547
937
168
45
160
392
168
162
288
40
44
175
185
168
32
648
232
136
643
230
680
136
648
596
290
680
432
188
160
232
42
296
424
141
162
41
169
664
553
170
233
673
169
680
41
411
40
141
169
142
160
490
170
170
138
192
28
424
418
441
227
313
505
139
123
271
139
47
153
37
554
138
484
168
416
137
172
181
172
143
173
21
684
45
175
225
188
429
134
418
896
430
132
166
31
38
143
419
13
15
463
187
236
175
167
176
176
176
179
148
208
698
436
178
128
208
176
432
176
252
164
446
432
32
625
245
169
434
177
700
176
688
560
700
609
49
60
17
673
563
182
670
178
50
138
146
58
243
100
138
178
56
690
190
182
434
162
686
179
176
161
159
163
179
243
563
387
433
498
158
660
38
148
242
228
48
692
181
132
180
228
129
181
183
180
695
182
423
172
150
166
676
406
55
181
211
179
134
440
248
248
163
144
184
508
184
427
184
417
152
312
536
441
184
177
923
232
681
505
232
157
153
56
191
188
186
138
162
152
170
170
394
59
697
447
187
61
59
442
139
187
752
156
240
220
188
733
189
191
250
429
183
55
154
428
758
899
158
447
220
187
253
449
64
488
192
132
192
136
192
193
706
481
200
704
224
940
129
465
213
132
208
448
220
325
96
704
600
640
128
192
320
192
452
69
129
73
457
65
203
353
641
97
195
321
716
129
128
193
195
193
209
195
385
585
196
192
34
162
214
193
194
706
354
192
714
754
274
200
450
83
149
67
195
450
195
67
199
227
406
195
384
198
196
196
726
198
228
348
205
204
196
214
68
70
233
741
197
471
453
199
581
101
197
212
7
6
198
238
582
448
230
226
197
714
645
451
707
203
68
199
197
72
138
192
141
232
202
136
72
714
204
9
74
588
716
392
206
704
128
200
641
152
192
488
89
715
401
140
137
133
203
585
65
73
237
64
507
456
730
75
236
678
202
10
114
77
218
203
202
122
552
458
979
131
297
205
491
203
459
204
706
97
139
198
206
140
78
196
199
216
270
341
76
237
204
204
796
221
205
76
201
969
525
463
221
234
200
206
716
216
69
86
199
67
213
200
144
722
192
112
208
752
114
224
728
213
209
209
721
213
137
465
657
343
208
728
145
724
213
464
474
202
722
192
18
150
210
195
212
210
210
411
706
222
289
690
243
145
90
388
464
213
210
212
82
213
244
147
213
85
213
133
89
94
133
146
126
151
87
599
151
341
221
197
216
28
216
158
344
248
144
56
203
658
723
25
988
89
219
968
194
218
730
474
217
219
731
151
700
204
250
412
156
476
173
250
90
222
204
88
202
722
735
687
157
159
724
102
226
236
65
225
449
165
192
480
17
96
209
32
120
976
224
193
224
353
193
322
121
160
233
99
457
708
173
225
65
744
329
225
199
98
226
354
162
482
338
201
97
225
385
482
227
183
676
80
53
230
108
148
676
236
100
164
229
261
453
69
237
101
359
230
68
960
55
70
231
103
136
174
222
226
759
456
108
228
57
488
204
168
232
243
712
168
672
170
234
40
124
233
234
137
305
232
232
78
362
234
234
360
426
168
140
190
48
738
202
235
192
359
235
99
451
235
172
106
558
232
108
136
237
621
169
750
247
463
998
749
175
236
230
237
177
208
330
240
210
352
192
700
176
416
624
497
464
473
208
505
241
243
693
241
247
246
410
498
242
440
112
210
147
754
98
243
235
177
307
195
497
629
227
118
757
364
511
53
564
405
243
213
496
214
245
248
248
111
496
248
403
493
249
241
233
102
243
251
220
88
241
177
240
249
159
161
126
252
238
250
118
115
121
173
284
292
784
896
288
384
768
513
13
256
288
257
804
800
640
264
452
337
288
260
264
384
384
512
960
256
770
298
320
2
260
256
288
0
768
4
260
257
833
65
257
305
289
769
785
133
6
321
8
641
269
859
128
1
260
259
389
769
386
770
258
290
386
272
298
786
258
386
482
394
42
402
770
257
26
257
364
275
784
259
339
256
774
298
147
338
258
276
291
258
301
311
299
323
264
256
257
321
2
43
131
260
276
324
0
108
290
772
268
416
367
768
256
316
261
280
812
260
333
324
932
263
382
261
333
271
261
260
333
525
279
388
419
261
257
261
69
389
269
269
390
292
261
261
1
256
262
260
454
262
615
2
294
262
787
301
22
774
68
326
390
134
780
533
271
7
183
37
273
1
64
259
260
770
264
47
258
280
898
400
10
330
281
385
384
392
266
305
256
265
490
274
264
408
392
8
264
41
9
448
265
9
321
329
265
321
777
259
289
271
297
265
682
265
297
13
297
8
131
202
299
266
602
11
136
323
394
262
30
265
66
274
794
418
206
395
9
782
282
121
106
270
907
267
804
28
260
303
389
303
300
770
268
266
76
776
140
776
270
332
332
268
348
280
41
333
520
30
268
5
301
261
939
372
776
813
910
461
775
269
269
933
266
582
302
910
14
270
14
820
256
413
14
495
77
391
269
335
782
268
336
272
688
402
313
272
32
278
336
848
178
258
784
272
528
516
260
384
400
305
16
785
272
275
833
144
257
273
264
273
257
281
85
259
533
273
17
848
33
257
522
304
404
304
0
306
274
410
278
34
257
307
256
23
258
273
274
281
275
275
785
307
259
275
283
787
337
337
273
515
789
389
356
84
148
260
36
389
788
272
532
257
276
53
277
17
277
277
260
149
471
305
263
85
884
277
262
350
770
404
7
31
340
277
535
354
23
261
276
7
280
792
341
384
392
275
280
286
856
25
778
304
56
280
20
24
264
258
409
24
284
17
20
9
797
25
857
266
529
24
281
347
27
272
258
266
530
24
282
920
282
270
284
393
266
274
312
379
287
795
280
267
283
778
931
283
92
272
782
318
8
540
284
84
21
148
891
13
1
17
285
24
921
917
121
287
8
274
28
271
262
314
404
63
287
335
279
335
23
31
416
288
364
12
32
97
256
256
256
800
10
309
354
256
34
357
288
545
96
802
290
288
544
419
296
801
32
48
648
420
325
560
0
272
289
928
297
17
274
259
256
417
361
376
33
385
290
289
281
35
1
288
289
0
256
769
97
295
418
298
290
291
306
296
35
306
42
402
10
450
482
2
0
578
417
299
289
259
879
419
307
635
295
35
359
114
291
291
292
308
352
516
256
832
352
292
36
768
32
292
311
292
996
261
293
821
260
385
548
293
781
261
935
36
263
293
110
295
294
36
258
6
814
288
294
358
390
294
295
802
258
295
303
38
821
301
364
486
39
260
35
260
46
360
296
296
296
936
289
300
930
47
40
320
40
402
281
40
800
292
441
392
808
552
40
369
333
429
297
331
553
265
297
352
553
416
816
34
296
42
282
297
392
298
186
264
322
315
344
298
2
298
106
779
129
265
42
379
314
307
25
972
300
364
300
316
2
300
284
54
844
300
364
268
800
876
943
111
813
429
269
12
301
366
300
418
272
298
298
298
170
751
813
59
363
311
686
824
304
976
48
296
416
392
404
304
368
802
434
432
292
368
272
416
352
304
304
305
312
272
273
820
49
293
278
314
308
272
274
50
274
530
310
624
306
290
562
34
354
272
288
371
298
306
115
275
280
820
308
404
309
368
260
20
36
37
818
816
53
48
950
276
356
6
800
308
108
293
277
309
16
311
438
805
291
304
311
311
62
481
127
311
300
373
8
296
312
432
24
488
48
312
313
825
57
318
537
281
291
52
400
314
179
358
380
826
298
315
307
818
314
281
316
436
294
796
948
824
412
44
565
109
319
312
821
341
340
297
348
429
222
469
284
830
878
427
310
319
466
324
768
263
64
4
840
226
368
356
193
193
586
448
472
256
358
320
258
354
320
320
288
577
322
65
321
409
833
264
321
466
368
96
281
449
257
65
257
32
610
258
834
66
84
195
322
466
386
42
70
194
386
306
458
2
327
323
81
293
219
391
320
323
603
343
322
836
334
844
422
70
584
342
325
20
448
84
336
79
353
257
265
325
103
773
270
325
455
326
326
382
76
198
256
260
102
258
86
391
327
326
455
5
320
352
456
328
96
320
488
74
72
352
328
344
376
840
153
72
474
328
328
265
321
329
41
584
73
74
825
266
10
338
90
810
282
2
302
873
354
258
838
74
330
346
578
266
270
73
46
202
323
328
329
335
161
265
877
320
72
360
2
517
332
268
332
460
325
335
332
329
829
77
333
329
478
463
438
326
348
88
70
847
268
267
364
332
463
823
847
272
320
194
340
336
832
344
65
369
433
336
346
849
480
274
344
472
258
273
220
55
325
81
321
405
593
80
497
349
273
849
349
338
338
338
66
0
322
274
351
83
19
273
258
347
465
337
338
337
285
340
316
832
853
852
788
117
324
340
368
276
341
295
785
336
341
326
71
1012
343
102
322
67
341
375
855
355
583
347
448
844
312
873
336
505
920
369
889
281
852
345
961
472
348
329
344
411
984
90
312
262
858
330
329
331
74
99
75
587
858
273
74
91
348
349
348
285
287
380
476
348
124
345
349
44
341
894
341
22
351
22
351
962
124
344
321
607
870
289
484
864
300
96
354
356
352
332
256
356
352
496
353
363
813
807
872
993
482
289
272
753
365
99
481
299
295
66
848
124
554
322
880
880
306
354
98
358
354
67
97
449
355
547
354
355
68
356
364
613
836
7
96
53
353
352
36
372
614
369
103
101
321
263
869
353
865
369
5
261
5
288
301
37
356
359
838
358
868
326
49
245
294
358
292
322
611
353
358
12
104
362
353
872
360
864
369
41
889
97
939
457
418
361
871
808
585
360
290
71
847
96
323
363
483
72
73
371
484
814
90
360
230
97
288
840
268
844
377
125
268
225
328
10
213
367
430
78
814
287
334
363
16
337
125
376
868
240
82
16
112
880
306
848
337
369
419
353
488
374
369
73
626
370
82
375
370
290
376
311
498
368
817
892
308
440
864
116
357
756
375
181
381
113
1010
838
852
246
22
887
247
312
472
880
872
322
508
376
121
304
297
376
377
369
892
382
234
626
884
379
381
114
371
121
889
380
472
445
987
380
374
287
496
366
367
895
447
384
898
256
4
256
384
160
128
960
448
448
384
344
386
417
128
656
0
450
385
964
259
128
256
323
896
405
180
704
129
387
369
898
897
272
389
429
138
656
450
194
451
387
384
291
130
384
288
419
391
385
261
386
402
419
219
659
900
744
268
448
772
164
260
389
84
426
272
300
457
898
389
644
417
4
420
389
293
277
197
129
1
388
149
389
417
902
390
911
14
390
775
386
295
385
147
391
23
659
422
454
203
198
467
216
280
392
56
394
456
393
456
904
473
650
392
776
400
203
384
137
424
840
393
387
396
641
385
137
267
457
26
804
970
394
898
410
648
162
395
642
362
136
394
906
410
399
939
907
154
482
411
650
139
342
388
333
452
396
390
972
396
396
460
388
152
1005
899
145
909
396
397
136
398
462
142
398
422
479
398
366
271
11
735
391
397
918
273
400
432
981
816
656
497
470
208
784
912
400
690
272
432
400
17
404
272
408
400
912
146
560
400
402
448
194
19
412
393
433
149
401
912
409
386
432
844
464
18
434
770
67
272
403
403
465
451
4
387
242
948
476
404
466
148
405
276
948
320
405
902
341
404
899
768
276
276
196
28
257
472
405
389
503
20
132
262
644
432
406
404
420
304
413
71
400
389
407
787
933
159
952
908
332
922
408
408
410
920
408
680
405
264
152
272
24
729
155
409
385
408
402
393
141
411
266
472
423
474
147
136
410
312
282
402
410
473
184
266
959
406
409
336
147
411
399
476
404
432
148
20
788
348
385
156
277
135
318
398
148
906
412
406
476
190
398
410
331
415
467
927
455
160
416
294
386
804
448
288
166
416
385
938
420
416
416
260
424
184
672
424
256
304
298
328
288
425
549
261
161
777
385
418
825
932
739
291
939
416
418
914
486
423
417
808
422
422
288
944
999
163
419
289
779
419
816
897
419
992
292
422
916
460
932
420
673
420
420
772
900
422
932
390
484
133
502
425
420
493
103
421
8
438
418
6
418
431
390
822
967
161
296
428
136
417
232
170
428
313
169
421
397
33
688
57
40
168
385
936
130
171
490
232
171
170
930
434
506
299
234
9
415
442
442
779
651
296
492
428
172
1005
188
190
12
130
426
910
391
250
944
434
274
304
434
176
434
160
417
433
433
1013
473
164
433
481
921
8
433
499
50
307
306
272
16
259
160
433
946
259
437
163
419
274
928
436
308
428
948
180
28
132
469
311
438
934
464
118
558
434
438
167
437
134
952
8
818
72
698
152
952
945
181
537
441
501
280
441
441
137
441
441
258
442
319
234
426
506
442
442
698
442
442
154
305
436
412
472
424
480
900
302
309
988
319
790
284
180
926
894
398
478
318
381
310
189
392
193
576
452
962
260
329
217
412
336
456
448
456
64
450
208
448
208
457
449
132
384
704
0
976
196
264
457
577
389
452
320
225
329
97
449
450
321
457
449
361
464
322
194
320
66
259
456
384
467
201
459
200
391
131
902
388
459
203
323
388
452
268
964
84
332
225
453
454
324
972
720
332
964
220
499
236
133
455
261
709
451
388
65
333
324
140
5
397
486
453
454
454
64
390
455
322
35
453
462
326
390
130
323
471
962
320
388
391
454
464
268
88
267
216
966
896
328
200
971
393
416
971
962
460
448
200
321
461
329
489
136
961
202
409
473
712
450
450
474
133
458
463
206
412
76
964
398
140
508
205
461
969
333
221
143
422
462
390
966
471
489
458
400
468
977
80
704
88
329
448
412
407
209
465
721
322
209
464
659
465
401
208
340
468
426
474
192
322
466
848
387
464
465
387
450
475
450
991
948
344
304
468
468
980
468
469
449
139
433
276
469
453
471
341
213
982
469
80
410
210
912
406
985
964
373
338
511
464
464
1012
458
456
835
502
474
219
415
208
971
201
347
876
813
476
478
112
345
340
472
377
713
413
197
477
734
253
474
346
366
396
762
412
399
415
352
8
488
288
491
480
224
224
360
241
496
481
457
418
480
483
353
369
392
147
506
482
450
231
935
499
129
249
407
385
212
356
142
356
388
224
452
271
389
501
456
247
228
450
950
490
416
806
70
742
487
232
1000
993
488
162
489
361
489
809
497
753
749
456
99
990
1001
324
456
861
291
200
424
965
127
303
360
940
367
176
736
470
500
480
352
345
256
368
440
339
832
226
498
482
470
499
167
435
755
499
391
219
276
982
404
852
436
996
229
503
485
230
230
438
453
424
954
472
248
433
504
488
984
457
507
1021
377
376
490
680
363
315
474
363
472
748
101
366
478
523
512
1
641
512
640
516
704
512
514
256
769
881
514
512
128
520
769
768
578
544
576
656
656
520
768
8
512
512
544
512
864
520
788
0
8
513
25
513
81
587
789
769
0
769
515
528
33
265
9
1
129
641
569
553
1
576
1
265
657
769
545
517
705
577
257
513
513
34
260
530
644
7
512
602
590
10
528
0
544
66
555
586
102
3
526
0
512
6
650
834
546
512
544
774
576
640
520
514
530
3
518
643
131
643
513
513
83
587
515
261
353
624
578
515
262
605
516
196
528
532
512
32
4
4
708
516
534
864
69
612
516
902
532
532
532
556
399
544
516
644
545
516
661
37
520
5
544
548
577
769
100
545
537
551
517
15
513
661
782
526
526
6
258
621
519
770
518
516
6
558
522
647
582
513
580
518
614
519
517
69
519
813
7
7
512
647
260
7
517
12
519
769
520
16
514
520
520
9
512
576
522
12
520
522
632
705
536
524
644
44
776
640
521
834
521
9
488
13
104
906
712
584
932
536
520
64
67
521
9
841
152
525
33
72
13
521
41
776
520
616
202
542
14
512
531
554
16
560
648
783
554
526
7
513
617
522
697
811
587
771
9
538
522
12
76
524
16
268
14
520
12
664
644
556
13
525
513
524
781
29
525
527
777
651
778
518
14
647
44
651
522
14
655
526
514
646
6
22
78
90
521
550
543
775
771
519
778
527
524
47
527
783
528
520
10
536
784
784
771
16
512
16
528
240
640
52
146
536
256
524
640
152
528
640
640
338
528
640
512
664
529
705
531
817
17
529
769
913
513
721
721
665
593
561
533
593
2
514
576
8
848
538
694
521
536
530
514
530
150
532
531
662
528
512
18
531
658
530
19
594
787
530
23
531
2
12
564
532
528
532
6
528
772
525
598
20
660
660
519
790
849
787
561
533
30
22
548
606
782
566
20
150
798
334
540
30
531
533
22
23
118
783
19
615
627
529
867
23
519
531
568
153
344
408
537
24
570
514
528
768
17
729
795
697
789
538
593
533
537
152
29
536
530
403
794
26
95
667
602
542
539
531
571
526
732
796
888
597
340
556
796
668
20
525
605
789
285
536
527
814
638
525
542
30
533
591
51
539
668
552
544
544
416
561
746
547
608
96
772
545
928
552
560
32
2
552
560
576
801
544
530
609
513
520
549
33
561
545
0
684
545
609
817
641
548
561
545
896
32
162
674
514
832
642
768
512
512
562
514
546
35
610
930
610
554
610
355
690
515
865
547
103
770
677
555
547
807
547
44
533
32
549
736
544
548
686
558
676
928
546
548
740
608
916
69
581
788
672
550
624
689
545
549
644
524
36
293
685
549
37
197
677
39
517
167
548
519
105
4
555
601
33
177
613
98
32
550
614
554
551
551
548
199
526
39
623
8
600
552
34
616
640
592
36
516
168
569
637
234
617
937
552
801
697
697
521
41
829
553
520
570
818
650
523
202
680
307
56
584
680
608
42
699
554
676
552
42
618
744
615
862
717
811
33
801
811
174
915
40
40
547
636
556
684
812
549
813
48
350
512
558
4
520
810
876
559
520
556
516
556
557
573
813
589
823
590
679
559
813
574
687
570
783
552
746
620
558
558
559
655
559
528
50
272
528
1008
240
625
800
112
304
560
18
528
824
57
561
531
723
688
761
789
273
567
433
533
561
546
146
612
114
546
562
2
546
242
114
530
562
514
826
563
522
35
34
730
563
317
547
679
884
565
20
60
702
564
564
624
516
549
537
47
535
823
62
567
772
564
566
566
566
535
28
104
62
696
999
680
344
40
530
689
152
25
539
569
400
569
552
537
570
106
698
62
568
566
594
570
571
824
190
569
563
568
315
823
9
533
50
53
861
116
664
572
280
669
516
685
699
563
61
60
748
114
47
630
0
114
194
112
66
577
588
898
579
576
96
577
18
576
64
872
513
832
528
962
346
704
581
832
583
673
512
87
704
609
816
581
577
637
869
576
3
513
64
576
6
530
162
602
856
586
586
2
65
851
339
65
578
587
577
51
577
588
611
579
580
626
535
512
612
583
581
596
604
582
774
597
597
580
836
580
598
556
581
742
589
613
548
516
465
581
327
76
518
70
70
594
78
72
68
104
6
100
854
582
7
578
743
86
87
519
85
839
69
524
556
72
712
843
793
588
579
64
74
844
600
680
833
520
576
576
585
521
969
525
584
713
69
189
745
872
77
841
577
617
74
512
718
614
586
590
106
522
777
730
906
74
591
981
666
75
81
558
859
587
590
108
783
620
524
836
380
652
80
541
845
708
781
11
973
725
581
5
773
70
526
588
594
602
90
716
588
2
46
877
452
837
783
643
79
586
525
590
781
88
720
594
624
98
81
594
64
592
528
128
840
576
584
964
339
533
848
633
853
896
594
601
0
211
561
883
849
97
212
594
530
210
578
342
850
721
82
128
598
882
19
90
659
626
599
578
529
529
273
87
595
84
596
596
848
84
592
113
862
598
180
916
580
645
20
533
597
721
596
597
594
577
593
21
602
786
724
70
214
727
594
85
582
1015
582
71
606
616
604
586
585
24
89
856
736
626
605
795
592
606
605
601
600
593
745
93
59
89
602
522
8
472
866
970
714
80
379
851
587
26
613
624
606
733
604
576
733
601
351
88
606
606
90
527
107
543
637
717
96
744
613
616
880
608
868
224
592
961
992
544
99
100
728
609
609
869
611
645
514
102
802
720
610
611
562
91
867
578
803
564
36
620
615
109
548
615
101
245
629
103
620
117
612
579
638
87
455
868
550
518
528
621
536
98
617
616
620
609
585
203
553
329
825
737
576
111
634
617
624
906
354
622
810
610
623
840
103
633
545
632
558
557
76
556
876
552
485
573
300
636
111
109
617
557
617
617
844
636
578
586
110
622
622
607
650
111
971
624
888
116
624
624
628
832
560
1009
530
81
289
689
49
81
785
638
562
626
611
608
563
512
533
594
371
563
626
628
756
484
888
596
756
560
693
117
532
532
373
625
893
173
367
630
246
630
727
628
531
636
611
566
599
637
562
600
336
56
764
760
704
881
114
106
114
584
53
602
571
91
122
627
20
628
249
892
767
588
85
124
589
634
348
623
607
1023
571
444
208
716
924
641
930
801
513
640
646
642
642
656
646
512
6
640
512
288
640
16
10
650
192
712
704
816
512
905
513
641
193
784
64
673
160
640
705
5
641
641
128
641
721
896
561
641
297
675
738
649
169
523
419
194
640
642
642
658
640
906
660
587
642
130
137
643
641
675
715
647
642
647
666
385
706
659
659
519
193
643
642
706
713
651
643
387
706
644
133
772
706
645
182
644
132
384
524
741
645
560
132
933
549
901
528
676
708
658
461
644
644
996
645
652
512
661
661
900
717
645
164
645
18
143
647
806
614
590
134
6
518
703
906
710
134
435
587
159
663
647
644
648
40
651
673
649
522
136
512
175
704
576
554
650
680
412
136
648
137
904
905
911
129
712
832
129
11
717
641
905
717
74
908
649
680
898
658
878
744
716
538
650
257
523
651
731
907
139
745
655
139
716
666
532
128
649
938
782
647
669
645
206
901
525
712
646
175
926
714
586
646
514
651
399
960
384
720
129
641
538
656
144
8
896
656
130
664
148
530
720
513
640
720
144
713
689
913
144
153
533
305
657
433
657
308
658
18
658
976
212
150
658
787
2
667
531
663
659
26
787
16
661
134
700
714
668
532
405
932
695
656
7
693
14
596
772
687
646
694
647
151
145
693
216
664
216
536
560
904
922
137
92
665
792
537
916
721
649
644
649
648
657
120
660
921
156
635
650
666
514
539
157
667
155
155
664
667
155
272
724
926
676
141
702
652
694
319
664
158
667
129
667
719
671
733
641
552
736
680
544
384
704
938
673
548
692
417
580
774
896
530
672
418
736
752
164
33
673
736
673
581
33
549
744
417
657
145
546
658
176
674
690
690
682
547
674
564
936
743
186
674
178
547
547
176
164
293
196
740
672
684
160
622
692
678
932
676
948
561
77
133
901
677
804
549
609
945
678
166
566
516
678
938
674
678
678
678
516
934
615
646
56
652
642
556
556
672
672
1004
648
680
161
684
680
160
661
545
649
620
554
554
554
682
650
682
680
682
681
171
675
544
164
524
69
652
621
1006
164
172
746
354
942
676
686
159
762
180
928
688
178
560
688
688
912
28
882
180
560
944
418
92
688
688
945
242
224
675
689
601
467
256
753
691
690
759
751
51
439
897
182
50
210
659
554
659
689
1012
698
188
181
946
183
689
944
517
150
54
919
130
6
538
566
573
902
662
759
583
656
698
664
656
648
184
696
56
184
445
700
569
749
248
697
176
665
253
298
666
698
856
958
1010
412
658
652
58
568
122
572
444
694
700
764
765
691
684
422
651
676
765
702
704
192
705
476
832
640
738
64
196
228
672
192
711
704
160
640
192
64
744
928
69
768
961
469
433
705
613
897
673
1
704
742
194
704
72
650
194
194
650
721
130
146
706
706
640
658
643
653
707
706
899
707
707
401
108
640
196
708
708
68
708
642
195
716
224
647
1013
708
196
711
118
642
907
712
576
199
710
192
576
195
713
81
727
710
967
839
716
712
232
584
522
728
674
904
713
908
329
743
76
587
717
665
10
650
523
619
138
654
202
970
78
898
139
270
657
607
714
609
586
651
212
590
716
670
972
576
577
253
137
748
206
526
704
212
720
628
720
922
656
585
660
704
720
730
721
793
624
705
64
658
726
534
598
722
704
707
602
215
211
659
135
214
214
628
725
721
481
581
701
717
853
593
214
114
722
982
726
658
597
231
532
580
521
708
728
157
978
960
216
205
730
668
722
720
601
136
553
978
728
602
730
664
986
210
138
587
216
984
763
970
734
616
604
712
984
720
540
861
748
733
639
522
154
734
159
705
128
96
1008
744
881
736
162
752
64
672
200
675
160
629
665
930
930
611
234
138
80
680
738
722
706
243
675
739
227
995
100
740
934
720
640
712
737
546
744
629
981
757
967
738
870
742
628
710
736
611
743
767
679
679
736
744
736
736
676
233
705
487
683
649
941
576
448
742
680
856
762
584
888
746
618
747
682
417
747
236
748
741
245
581
668
613
651
170
767
620
622
755
387
1018
720
708
788
688
624
80
1008
240
720
689
753
627
737
626
630
754
659
595
243
755
739
637
248
676
692
649
244
948
708
767
882
886
190
756
754
246
52
116
696
648
767
746
123
732
760
619
152
753
569
762
467
715
763
120
715
188
93
766
734
638
767
766
732
768
320
836
261
784
784
771
785
640
905
784
773
768
776
908
128
844
848
784
800
320
641
777
897
773
801
547
769
137
513
834
841
16
832
777
770
794
522
266
263
266
259
258
256
914
66
776
782
776
843
462
768
835
320
794
515
771
323
775
288
907
291
2
771
259
835
517
916
806
772
788
768
916
776
374
804
260
788
4
262
388
264
612
774
844
519
908
773
913
901
772
13
776
829
661
9
805
775
869
129
420
265
640
310
36
14
804
902
580
778
514
774
834
903
807
782
775
326
807
775
944
260
896
641
778
512
10
776
792
896
776
523
777
840
796
776
8
867
768
298
512
545
897
457
345
745
384
843
769
833
777
81
537
865
265
546
774
783
553
263
968
771
771
922
797
771
779
793
768
338
522
778
712
264
780
268
396
772
836
910
76
300
797
783
269
841
13
524
525
388
582
781
777
909
380
148
300
846
970
778
782
798
527
783
523
847
1007
777
782
336
832
784
848
656
624
784
804
528
576
848
880
785
688
906
916
784
786
787
788
280
787
530
800
912
784
257
817
689
912
768
532
789
785
197
489
952
601
913
886
602
276
342
978
792
519
770
852
794
514
850
531
286
786
26
851
913
837
1009
276
788
853
372
540
776
688
788
852
789
788
788
340
688
788
532
772
788
853
821
791
804
769
850
978
518
22
918
286
566
983
543
851
566
296
794
592
826
924
848
409
957
792
916
320
792
600
265
768
537
785
265
521
853
516
520
776
798
922
528
11
799
856
956
282
916
796
892
284
793
573
783
785
925
790
534
312
175
542
926
36
805
797
310
544
564
818
801
881
800
544
800
804
5
768
817
932
801
888
800
544
800
422
772
288
801
608
296
516
899
801
801
293
515
665
265
929
177
113
928
545
777
9
776
800
544
515
22
674
768
930
962
931
36
800
562
936
911
910
801
50
866
417
816
806
551
672
676
868
293
36
788
550
549
772
688
676
292
565
260
549
809
293
301
293
41
516
548
807
870
550
903
7
874
775
815
902
802
831
808
552
944
769
480
808
843
801
552
15
947
617
809
937
489
297
810
674
815
802
810
25
770
72
570
768
745
769
875
649
811
907
552
40
804
806
302
876
992
813
804
808
768
813
813
265
812
557
798
942
810
558
550
559
903
427
48
944
944
800
818
544
404
953
816
816
816
816
836
816
800
564
641
817
372
825
801
305
819
817
289
517
417
530
848
552
434
930
810
688
288
802
809
790
307
534
825
565
804
824
336
816
816
628
567
787
821
593
533
865
55
552
821
817
38
790
439
824
566
567
796
306
808
816
824
958
784
632
572
891
713
313
809
410
786
554
312
894
792
573
113
634
314
443
826
283
795
826
435
779
959
816
780
828
829
692
799
764
826
321
581
320
834
576
832
332
576
784
837
832
119
868
833
320
876
350
768
869
322
946
981
531
832
769
770
321
329
801
641
369
322
834
966
842
709
832
834
834
834
330
840
256
835
328
769
837
581
833
579
713
843
833
902
835
866
771
771
885
838
961
844
996
68
804
512
965
580
836
852
832
261
836
869
528
836
324
327
836
322
781
965
836
868
356
487
848
790
964
330
838
834
518
774
847
591
631
268
743
453
838
322
832
75
832
90
832
470
609
834
856
320
776
585
265
329
857
837
841
522
264
589
591
873
707
323
841
876
328
578
340
578
832
588
461
325
287
545
334
590
782
587
670
974
783
367
78
527
335
843
580
20
280
336
768
848
88
786
80
849
834
378
856
848
784
581
977
257
850
562
888
336
624
787
854
853
1020
292
852
869
836
150
788
964
322
606
838
895
583
71
470
861
323
536
714
576
796
860
336
603
796
853
981
88
89
29
794
856
792
266
853
888
888
532
840
573
213
863
601
860
605
350
535
607
860
796
926
861
1019
459
627
382
610
832
770
356
864
832
800
704
114
288
836
867
877
608
481
833
865
836
233
97
876
768
802
704
866
994
354
323
570
854
354
625
869
835
323
513
867
835
103
587
297
868
868
612
868
614
804
870
951
998
322
806
870
850
359
846
869
325
548
325
359
616
608
584
874
872
873
618
776
874
940
488
353
808
745
237
633
1011
353
105
858
366
878
994
894
75
810
868
834
867
1003
563
234
228
876
846
604
356
876
908
112
874
612
613
877
357
870
690
108
878
1007
847
877
560
816
576
609
881
768
16
310
626
880
880
624
827
857
368
1009
631
864
913
817
71
542
302
855
766
104
857
115
825
377
858
882
56
555
1003
344
67
120
584
892
862
123
889
631
879
633
892
174
635
867
640
935
136
768
961
644
649
689
962
928
388
704
912
664
896
928
523
641
517
901
897
897
391
0
641
800
641
267
961
642
546
708
386
2
19
896
656
898
811
914
930
386
272
898
275
930
771
299
643
787
915
275
581
908
769
896
388
292
900
145
772
372
934
900
901
644
832
772
644
917
902
910
648
902
390
582
914
911
934
967
131
455
896
392
416
896
780
899
904
896
640
781
795
681
985
897
777
776
814
952
907
898
811
142
904
906
491
643
683
431
815
779
806
276
940
389
909
392
905
909
909
782
654
527
782
265
939
952
896
992
912
752
464
976
896
528
129
388
401
929
913
917
403
833
770
386
898
915
722
26
984
529
947
883
918
660
402
916
912
468
919
949
965
917
651
817
918
950
903
662
398
462
267
500
822
903
785
760
920
26
795
923
920
945
923
922
25
921
536
696
664
275
914
937
26
404
906
915
795
919
411
925
908
152
768
668
153
661
413
924
665
917
798
478
694
414
780
571
474
388
864
740
681
928
672
800
1020
673
944
995
928
704
697
944
937
993
953
681
900
976
940
682
387
424
306
938
928
289
675
683
978
420
920
932
948
948
933
304
424
896
900
421
933
302
950
694
910
916
928
1022
997
423
388
932
741
423
931
683
905
500
952
649
913
936
425
777
904
937
539
930
1022
938
684
431
939
175
879
426
907
684
1004
1017
1004
804
492
798
806
933
807
686
288
958
188
687
689
977
928
945
896
688
690
948
1008
681
947
418
896
940
437
499
945
696
480
403
915
242
945
958
819
933
160
421
692
960
788
915
820
985
157
948
948
949
949
917
949
49
1013
896
946
830
567
697
696
824
567
809
953
138
954
1018
794
914
795
683
433
922
665
828
956
956
413
958
685
941
953
958
446
886
959
968
984
904
448
192
968
456
996
576
1000
418
323
960
736
449
848
961
1000
452
329
981
64
969
936
449
962
451
970
962
132
967
882
970
983
962
770
402
451
979
592
995
771
979
960
961
838
325
965
453
901
757
454
994
655
998
454
711
12
962
978
986
966
838
967
450
999
971
968
968
449
968
980
1000
904
489
808
967
577
328
216
329
649
968
714
906
714
392
456
721
1020
525
459
587
840
877
460
905
717
601
836
591
86
1003
589
970
976
472
920
208
984
597
336
581
583
658
468
978
980
848
272
899
982
983
274
883
857
597
864
668
340
981
471
470
710
926
838
403
470
594
407
978
984
136
1010
840
89
468
983
960
665
973
217
617
970
442
458
794
970
834
987
474
915
795
596
260
728
981
665
718
350
450
916
864
960
833
736
992
961
496
1014
872
928
320
993
496
675
964
739
931
738
874
995
484
742
736
560
900
996
997
501
419
880
837
996
231
743
431
103
1004
348
232
425
424
362
344
714
997
170
898
762
971
488
745
936
420
1000
494
970
878
783
464
560
980
611
997
610
721
919
498
1010
499
882
445
956
1012
869
688
732
251
1002
827
1016
952
250
338
875
755
801
1001
508
984
1020
1005
246
733
